[
  {
    "n_nodes": 10,
    "coords": [
      [
        81,
        14
      ],
      [
        3,
        94
      ],
      [
        35,
        31
      ],
      [
        28,
        17
      ],
      [
        94,
        13
      ],
      [
        86,
        94
      ],
      [
        69,
        11
      ],
      [
        75,
        54
      ],
      [
        4,
        3
      ],
      [
        11,
        27
      ]
    ],
    "distance_matrix": [
      [
        0.0,
        111.73182178770737,
        49.040799340956916,
        53.08483775994799,
        13.038404810405298,
        80.15609770940699,
        12.36931687685298,
        40.44749683231337,
        77.78174593052023,
        71.19691004531025
      ],
      [
        111.73182178770737,
        0.0,
        70.66116330771806,
        80.95677859203639,
        121.82774724995944,
        83.0,
        106.04244433244644,
        82.365041127896,
        91.00549433962765,
        67.47592163134935
      ],
      [
        49.040799340956916,
        70.66116330771806,
        0.0,
        15.652475842498529,
        61.68468205316454,
        81.05553651663777,
        39.44616584663204,
        46.14108798023731,
        41.773197148410844,
        24.331050121192877
      ],
      [
        53.08483775994799,
        80.95677859203639,
        15.652475842498529,
        0.0,
        66.12110101926616,
        96.40020746865642,
        41.43669871020132,
        59.81638571495272,
        27.784887978899608,
        19.72308292331602
      ],
      [
        13.038404810405298,
        121.82774724995944,
        61.68468205316454,
        66.12110101926616,
        0.0,
        81.39410298049853,
        25.079872407968907,
        45.18849411078001,
        90.55385138137417,
        84.17244204607586
      ],
      [
        80.15609770940699,
        83.0,
        81.05553651663777,
        96.40020746865642,
        81.39410298049853,
        0.0,
        84.72307831990054,
        41.48493702538308,
        122.494897852931,
        100.56838469419701
      ],
      [
        12.36931687685298,
        106.04244433244644,
        39.44616584663204,
        41.43669871020132,
        25.079872407968907,
        84.72307831990054,
        0.0,
        43.41658669218482,
        65.49045732013177,
        60.166435825965294
      ],
      [
        40.44749683231337,
        82.365041127896,
        46.14108798023731,
        59.81638571495272,
        45.18849411078001,
        41.48493702538308,
        43.41658669218482,
        0.0,
        87.41853350405736,
        69.46221994724903
      ],
      [
        77.78174593052023,
        91.00549433962765,
        41.773197148410844,
        27.784887978899608,
        90.55385138137417,
        122.494897852931,
        65.49045732013177,
        87.41853350405736,
        0.0,
        25.0
      ],
      [
        71.19691004531025,
        67.47592163134935,
        24.331050121192877,
        19.72308292331602,
        84.17244204607586,
        100.56838469419701,
        60.166435825965294,
        69.46221994724903,
        25.0,
        0.0
      ]
    ],
    "optimal_route": [
      0,
      6,
      2,
      3,
      8,
      9,
      1,
      5,
      7,
      4
    ],
    "optimal_cost": 357.4022
  },
  {
    "n_nodes": 10,
    "coords": [
      [
        4,
        36
      ],
      [
        89,
        97
      ],
      [
        18,
        59
      ],
      [
        47,
        85
      ],
      [
        89,
        12
      ],
      [
        58,
        76
      ],
      [
        63,
        77
      ],
      [
        2,
        65
      ],
      [
        55,
        73
      ],
      [
        47,
        79
      ]
    ],
    "distance_matrix": [
      [
        0.0,
        104.62313319720452,
        26.92582403567252,
        65.19202405202648,
        88.32326986700618,
        67.20119046564577,
        71.84705978674423,
        29.068883707497267,
        63.00793600809346,
        60.81118318204309
      ],
      [
        104.62313319720452,
        0.0,
        80.52949770115296,
        43.68065933568311,
        85.0,
        37.44329045369811,
        32.802438933713454,
        92.69843580125827,
        41.617304093369626,
        45.69463863518345
      ],
      [
        26.92582403567252,
        80.52949770115296,
        0.0,
        38.948684188300895,
        85.14693182963201,
        43.46262762420146,
        48.46648326421054,
        17.08800749063506,
        39.56008088970496,
        35.22782990761707
      ],
      [
        65.19202405202648,
        43.68065933568311,
        38.948684188300895,
        0.0,
        84.21995013059554,
        14.212670403551895,
        17.88854381999832,
        49.24428900898052,
        14.422205101855956,
        6.0
      ],
      [
        88.32326986700618,
        85.0,
        85.14693182963201,
        84.21995013059554,
        0.0,
        71.11258679024411,
        70.00714249274856,
        101.87246929372037,
        69.83552104767315,
        79.07591289387686
      ],
      [
        67.20119046564577,
        37.44329045369811,
        43.46262762420146,
        14.212670403551895,
        71.11258679024411,
        0.0,
        5.0990195135927845,
        57.0701322935211,
        4.242640687119285,
        11.40175425099138
      ],
      [
        71.84705978674423,
        32.802438933713454,
        48.46648326421054,
        17.88854381999832,
        70.00714249274856,
        5.0990195135927845,
        0.0,
        62.16912416947821,
        8.94427190999916,
        16.1245154965971
      ],
      [
        29.068883707497267,
        92.69843580125827,
        17.08800749063506,
        49.24428900898052,
        101.87246929372037,
        57.0701322935211,
        62.16912416947821,
        0.0,
        53.600373133029585,
        47.12748667179272
      ],
      [
        63.00793600809346,
        41.617304093369626,
        39.56008088970496,
        14.422205101855956,
        69.83552104767315,
        4.242640687119285,
        8.94427190999916,
        53.600373133029585,
        0.0,
        10.0
      ],
      [
        60.81118318204309,
        45.69463863518345,
        35.22782990761707,
        6.0,
        79.07591289387686,
        11.40175425099138,
        16.1245154965971,
        47.12748667179272,
        10.0,
        0.0
      ]
    ],
    "optimal_route": [
      0,
      7,
      2,
      3,
      9,
      8,
      5,
      6,
      1,
      4
    ],
    "optimal_cost": 228.2497
  },
  {
    "n_nodes": 10,
    "coords": [
      [
        52,
        66
      ],
      [
        69,
        89
      ],
      [
        14,
        22
      ],
      [
        48,
        28
      ],
      [
        37,
        3
      ],
      [
        28,
        14
      ],
      [
        72,
        1
      ],
      [
        12,
        20
      ],
      [
        99,
        65
      ],
      [
        88,
        38
      ]
    ],
    "distance_matrix": [
      [
        0.0,
        28.600699292150182,
        58.137767414994535,
        38.2099463490856,
        64.76109943476871,
        57.271284253105414,
        68.00735254367721,
        60.959002616512684,
        47.01063709417264,
        45.60701700396552
      ],
      [
        28.600699292150182,
        0.0,
        86.68333173107735,
        64.51356446515724,
        91.76055797563569,
        85.47514258543241,
        88.05112151472007,
        89.49860334105779,
        38.41874542459709,
        54.42425929675111
      ],
      [
        58.137767414994535,
        86.68333173107735,
        0.0,
        34.52535300326414,
        29.832867780352597,
        16.1245154965971,
        61.68468205316454,
        2.8284271247461903,
        95.25754563287887,
        75.7099729229908
      ],
      [
        38.2099463490856,
        64.51356446515724,
        34.52535300326414,
        0.0,
        27.313000567495326,
        24.413111231467404,
        36.124783736376884,
        36.87817782917155,
        63.00793600809346,
        41.23105625617661
      ],
      [
        64.76109943476871,
        91.76055797563569,
        29.832867780352597,
        27.313000567495326,
        0.0,
        14.212670403551895,
        35.05709628591621,
        30.23243291566195,
        87.68124086713189,
        61.85466837676846
      ],
      [
        57.271284253105414,
        85.47514258543241,
        16.1245154965971,
        24.413111231467404,
        14.212670403551895,
        0.0,
        45.880278987817846,
        17.08800749063506,
        87.41853350405736,
        64.62197768561404
      ],
      [
        68.00735254367721,
        88.05112151472007,
        61.68468205316454,
        36.124783736376884,
        35.05709628591621,
        45.880278987817846,
        0.0,
        62.93647591023825,
        69.46221994724903,
        40.311288741492746
      ],
      [
        60.959002616512684,
        89.49860334105779,
        2.8284271247461903,
        36.87817782917155,
        30.23243291566195,
        17.08800749063506,
        62.93647591023825,
        0.0,
        97.94896630388705,
        78.10249675906654
      ],
      [
        47.01063709417264,
        38.41874542459709,
        95.25754563287887,
        63.00793600809346,
        87.68124086713189,
        87.41853350405736,
        69.46221994724903,
        97.94896630388705,
        0.0,
        29.154759474226502
      ],
      [
        45.60701700396552,
        54.42425929675111,
        75.7099729229908,
        41.23105625617661,
        61.85466837676846,
        64.62197768561404,
        40.311288741492746,
        78.10249675906654,
        29.154759474226502,
        0.0
      ]
    ],
    "optimal_route": [
      0,
      1,
      8,
      9,
      6,
      4,
      5,
      7,
      2,
      3
    ],
    "optimal_cost": 240.197
  },
  {
    "n_nodes": 10,
    "coords": [
      [
        34,
        53
      ],
      [
        62,
        32
      ],
      [
        10,
        38
      ],
      [
        43,
        2
      ],
      [
        9,
        61
      ],
      [
        1,
        14
      ],
      [
        36,
        15
      ],
      [
        39,
        95
      ],
      [
        83,
        4
      ],
      [
        79,
        8
      ]
    ],
    "distance_matrix": [
      [
        0.0,
        35.0,
        28.30194339616981,
        51.78802950489621,
        26.248809496813376,
        51.088159097779204,
        38.05259518088089,
        42.2965719651132,
        69.29646455628166,
        63.63961030678928
      ],
      [
        35.0,
        0.0,
        52.3450093132096,
        35.510561809129406,
        60.41522986797286,
        63.60031446463138,
        31.064449134018133,
        67.06713054842886,
        35.0,
        29.410882339705484
      ],
      [
        28.30194339616981,
        52.3450093132096,
        0.0,
        48.83646178829912,
        23.021728866442675,
        25.632011235952593,
        34.713109915419565,
        63.953107821277925,
        80.52949770115296,
        75.23961722390672
      ],
      [
        51.78802950489621,
        35.510561809129406,
        48.83646178829912,
        0.0,
        68.09552114493287,
        43.68065933568311,
        14.7648230602334,
        93.08598175880189,
        40.049968789001575,
        36.49657518178932
      ],
      [
        26.248809496813376,
        60.41522986797286,
        23.021728866442675,
        68.09552114493287,
        0.0,
        47.67598976424087,
        53.33854141237835,
        45.34313619501854,
        93.40770846134703,
        87.80091115700337
      ],
      [
        51.088159097779204,
        63.60031446463138,
        25.632011235952593,
        43.68065933568311,
        47.67598976424087,
        0.0,
        35.014282800023196,
        89.47066558375433,
        82.60750571225353,
        78.23042886243178
      ],
      [
        38.05259518088089,
        31.064449134018133,
        34.713109915419565,
        14.7648230602334,
        53.33854141237835,
        35.014282800023196,
        0.0,
        80.05623023850174,
        48.27007354458868,
        43.56604182158393
      ],
      [
        42.2965719651132,
        67.06713054842886,
        63.953107821277925,
        93.08598175880189,
        45.34313619501854,
        89.47066558375433,
        80.05623023850174,
        0.0,
        101.07917688624102,
        95.75489543621255
      ],
      [
        69.29646455628166,
        35.0,
        80.52949770115296,
        40.049968789001575,
        93.40770846134703,
        82.60750571225353,
        48.27007354458868,
        101.07917688624102,
        0.0,
        5.656854249492381
      ],
      [
        63.63961030678928,
        29.410882339705484,
        75.23961722390672,
        36.49657518178932,
        87.80091115700337,
        78.23042886243178,
        43.56604182158393,
        95.75489543621255,
        5.656854249492381,
        0.0
      ]
    ],
    "optimal_route": [
      0,
      1,
      9,
      8,
      3,
      6,
      5,
      2,
      4,
      7
    ],
    "optimal_cost": 253.8937
  },
  {
    "n_nodes": 10,
    "coords": [
      [
        9,
        51
      ],
      [
        5,
        75
      ],
      [
        75,
        29
      ],
      [
        81,
        66
      ],
      [
        19,
        74
      ],
      [
        68,
        4
      ],
      [
        3,
        8
      ],
      [
        100,
        40
      ],
      [
        80,
        6
      ],
      [
        3,
        17
      ]
    ],
    "distance_matrix": [
      [
        0.0,
        24.331050121192877,
        69.57010852370435,
        73.54590403278758,
        25.079872407968907,
        75.43208866258443,
        43.41658669218482,
        91.6624241442479,
        84.05950273467003,
        34.52535300326414
      ],
      [
        24.331050121192877,
        0.0,
        83.7615663654877,
        76.53103945458993,
        14.035668847618199,
        94.92101980067429,
        67.02984409947557,
        101.24228365658294,
        101.91172650877817,
        58.034472514187634
      ],
      [
        69.57010852370435,
        83.7615663654877,
        0.0,
        37.48332962798263,
        71.84010022264724,
        25.96150997149434,
        75.0,
        27.313000567495326,
        23.53720459187964,
        72.99315036357864
      ],
      [
        73.54590403278758,
        76.53103945458993,
        37.48332962798263,
        0.0,
        62.51399843235114,
        63.34824385884742,
        97.20082304178294,
        32.202484376209235,
        60.00833275470999,
        92.11405973031478
      ],
      [
        25.079872407968907,
        14.035668847618199,
        71.84010022264724,
        62.51399843235114,
        0.0,
        85.44588931013593,
        67.91170738539859,
        87.84645695758026,
        91.35097153287424,
        59.20304046246274
      ],
      [
        75.43208866258443,
        94.92101980067429,
        25.96150997149434,
        63.34824385884742,
        85.44588931013593,
        0.0,
        65.12296062065974,
        48.16637831516918,
        12.165525060596439,
        66.2872536767062
      ],
      [
        43.41658669218482,
        67.02984409947557,
        75.0,
        97.20082304178294,
        67.91170738539859,
        65.12296062065974,
        0.0,
        102.1420579389313,
        77.02596964660685,
        9.0
      ],
      [
        91.6624241442479,
        101.24228365658294,
        27.313000567495326,
        32.202484376209235,
        87.84645695758026,
        48.16637831516918,
        102.1420579389313,
        0.0,
        39.44616584663204,
        99.68951800465283
      ],
      [
        84.05950273467003,
        101.91172650877817,
        23.53720459187964,
        60.00833275470999,
        91.35097153287424,
        12.165525060596439,
        77.02596964660685,
        39.44616584663204,
        0.0,
        77.78174593052023
      ],
      [
        34.52535300326414,
        58.034472514187634,
        72.99315036357864,
        92.11405973031478,
        59.20304046246274,
        66.2872536767062,
        9.0,
        99.68951800465283,
        77.78174593052023,
        0.0
      ]
    ],
    "optimal_route": [
      0,
      1,
      4,
      3,
      7,
      2,
      8,
      5,
      6,
      9
    ],
    "optimal_cost": 270.2219
  },
  {
    "n_nodes": 10,
    "coords": [
      [
        45,
        8
      ],
      [
        55,
        70
      ],
      [
        58,
        73
      ],
      [
        43,
        32
      ],
      [
        65,
        49
      ],
      [
        50,
        78
      ],
      [
        5,
        53
      ],
      [
        84,
        3
      ],
      [
        13,
        0
      ],
      [
        33,
        61
      ]
    ],
    "distance_matrix": [
      [
        0.0,
        62.80127387243033,
        66.2872536767062,
        24.08318915758459,
        45.617978911828175,
        70.178344238091,
        60.207972893961475,
        39.319206502675,
        32.984845004941285,
        54.3415126767741
      ],
      [
        62.80127387243033,
        0.0,
        4.242640687119285,
        39.84971769034255,
        23.259406699226016,
        9.433981132056603,
        52.81098370604357,
        73.00684899377592,
        81.6333265278342,
        23.769728648009426
      ],
      [
        66.2872536767062,
        4.242640687119285,
        0.0,
        43.657759905886145,
        25.0,
        9.433981132056603,
        56.64803615307419,
        74.67261881037788,
        85.75546629807339,
        27.730849247724095
      ],
      [
        24.08318915758459,
        39.84971769034255,
        43.657759905886145,
        0.0,
        27.80287754891569,
        46.52956049652737,
        43.41658669218482,
        50.21951811795888,
        43.86342439892262,
        30.675723300355934
      ],
      [
        45.617978911828175,
        23.259406699226016,
        25.0,
        27.80287754891569,
        0.0,
        32.64965543462902,
        60.13318551349163,
        49.76946855251722,
        71.449282711585,
        34.17601498127012
      ],
      [
        70.178344238091,
        9.433981132056603,
        9.433981132056603,
        46.52956049652737,
        32.64965543462902,
        0.0,
        51.478150704935004,
        82.34682750416071,
        86.33075929238663,
        24.041630560342615
      ],
      [
        60.207972893961475,
        52.81098370604357,
        56.64803615307419,
        43.41658669218482,
        60.13318551349163,
        51.478150704935004,
        0.0,
        93.49331526906082,
        53.600373133029585,
        29.120439557122072
      ],
      [
        39.319206502675,
        73.00684899377592,
        74.67261881037788,
        50.21951811795888,
        49.76946855251722,
        82.34682750416071,
        93.49331526906082,
        0.0,
        71.06335201775947,
        77.23341245859851
      ],
      [
        32.984845004941285,
        81.6333265278342,
        85.75546629807339,
        43.86342439892262,
        71.449282711585,
        86.33075929238663,
        53.600373133029585,
        71.06335201775947,
        0.0,
        64.19501538281614
      ],
      [
        54.3415126767741,
        23.769728648009426,
        27.730849247724095,
        30.675723300355934,
        34.17601498127012,
        24.041630560342615,
        29.120439557122072,
        77.23341245859851,
        64.19501538281614,
        0.0
      ]
    ],
    "optimal_route": [
      0,
      8,
      6,
      9,
      5,
      2,
      1,
      4,
      3,
      7
    ],
    "optimal_cost": 254.7057
  },
  {
    "n_nodes": 10,
    "coords": [
      [
        70,
        40
      ],
      [
        16,
        71
      ],
      [
        91,
        68
      ],
      [
        38,
        64
      ],
      [
        24,
        91
      ],
      [
        97,
        55
      ],
      [
        21,
        19
      ],
      [
        84,
        13
      ],
      [
        63,
        83
      ],
      [
        28,
        27
      ]
    ],
    "distance_matrix": [
      [
        0.0,
        62.26556030423239,
        35.0,
        40.0,
        68.6804193347711,
        30.886890422961002,
        53.31041174104736,
        30.4138126514911,
        43.56604182158393,
        43.965895873961216
      ],
      [
        62.26556030423239,
        0.0,
        75.05997601918082,
        23.08679276123039,
        21.540659228538015,
        82.56512580987206,
        52.23983154643591,
        89.37561188601732,
        48.507731342539614,
        45.60701700396552
      ],
      [
        35.0,
        75.05997601918082,
        0.0,
        53.150729063673246,
        70.83784299369935,
        14.317821063276353,
        85.44588931013593,
        55.44366510251645,
        31.76476034853718,
        75.16648189186454
      ],
      [
        40.0,
        23.08679276123039,
        53.150729063673246,
        0.0,
        30.4138126514911,
        59.682493245507096,
        48.104053883222775,
        68.6804193347711,
        31.400636936215164,
        38.3275357934736
      ],
      [
        68.6804193347711,
        21.540659228538015,
        70.83784299369935,
        30.4138126514911,
        0.0,
        81.39410298049853,
        72.06247289678588,
        98.40731680114035,
        39.81205847478876,
        64.1248781675256
      ],
      [
        30.886890422961002,
        82.56512580987206,
        14.317821063276353,
        59.682493245507096,
        81.39410298049853,
        0.0,
        84.09518416651456,
        43.965895873961216,
        44.04543109109048,
        74.46475676452586
      ],
      [
        53.31041174104736,
        52.23983154643591,
        85.44588931013593,
        48.104053883222775,
        72.06247289678588,
        84.09518416651456,
        0.0,
        63.28506932918696,
        76.55063683601855,
        10.63014581273465
      ],
      [
        30.4138126514911,
        89.37561188601732,
        55.44366510251645,
        68.6804193347711,
        98.40731680114035,
        43.965895873961216,
        63.28506932918696,
        0.0,
        73.08214556237385,
        57.723478758647246
      ],
      [
        43.56604182158393,
        48.507731342539614,
        31.76476034853718,
        31.400636936215164,
        39.81205847478876,
        44.04543109109048,
        76.55063683601855,
        73.08214556237385,
        0.0,
        66.03786792439622
      ],
      [
        43.965895873961216,
        45.60701700396552,
        75.16648189186454,
        38.3275357934736,
        64.1248781675256,
        74.46475676452586,
        10.63014581273465,
        57.723478758647246,
        66.03786792439622,
        0.0
      ]
    ],
    "optimal_route": [
      0,
      7,
      6,
      9,
      3,
      1,
      4,
      8,
      2,
      5
    ],
    "optimal_cost": 273.1787
  },
  {
    "n_nodes": 10,
    "coords": [
      [
        8,
        44
      ],
      [
        52,
        14
      ],
      [
        41,
        96
      ],
      [
        70,
        65
      ],
      [
        6,
        87
      ],
      [
        5,
        97
      ],
      [
        94,
        35
      ],
      [
        19,
        58
      ],
      [
        93,
        5
      ],
      [
        80,
        69
      ]
    ],
    "distance_matrix": [
      [
        0.0,
        53.25410782277739,
        61.587336360651285,
        65.45991139621256,
        43.04648650006177,
        53.08483775994799,
        86.46964785403026,
        17.804493814764857,
        93.5200513259055,
        76.21679604916491
      ],
      [
        53.25410782277739,
        0.0,
        82.73451516749222,
        54.08326913195984,
        86.28441342444185,
        95.38343671728336,
        46.95742752749558,
        55.0,
        41.97618372363071,
        61.71709649683789
      ],
      [
        61.587336360651285,
        82.73451516749222,
        0.0,
        42.44997055358225,
        36.138621999185304,
        36.013886210738214,
        80.8084154033477,
        43.9089968002003,
        104.80935072788114,
        47.43416490252569
      ],
      [
        65.45991139621256,
        54.08326913195984,
        42.44997055358225,
        0.0,
        67.67569726275453,
        72.44998274671983,
        38.41874542459709,
        51.478150704935004,
        64.25729530566937,
        10.770329614269007
      ],
      [
        43.04648650006177,
        86.28441342444185,
        36.138621999185304,
        67.67569726275453,
        0.0,
        10.04987562112089,
        102.2154587134451,
        31.78049716414141,
        119.55333537798099,
        76.15773105863909
      ],
      [
        53.08483775994799,
        95.38343671728336,
        36.013886210738214,
        72.44998274671983,
        10.04987562112089,
        0.0,
        108.4665847162157,
        41.43669871020132,
        127.31064370271639,
        80.05623023850174
      ],
      [
        86.46964785403026,
        46.95742752749558,
        80.8084154033477,
        38.41874542459709,
        102.2154587134451,
        108.4665847162157,
        0.0,
        78.44743462982075,
        30.01666203960727,
        36.76955262170047
      ],
      [
        17.804493814764857,
        55.0,
        43.9089968002003,
        51.478150704935004,
        31.78049716414141,
        41.43669871020132,
        78.44743462982075,
        0.0,
        91.02197536858887,
        61.98386886924694
      ],
      [
        93.5200513259055,
        41.97618372363071,
        104.80935072788114,
        64.25729530566937,
        119.55333537798099,
        127.31064370271639,
        30.01666203960727,
        91.02197536858887,
        0.0,
        65.30696746902278
      ],
      [
        76.21679604916491,
        61.71709649683789,
        47.43416490252569,
        10.770329614269007,
        76.15773105863909,
        80.05623023850174,
        36.76955262170047,
        61.98386886924694,
        65.30696746902278,
        0.0
      ]
    ],
    "optimal_route": [
      0,
      7,
      4,
      5,
      2,
      3,
      9,
      6,
      8,
      1
    ],
    "optimal_cost": 257.6315
  },
  {
    "n_nodes": 10,
    "coords": [
      [
        63,
        34
      ],
      [
        46,
        81
      ],
      [
        31,
        88
      ],
      [
        60,
        98
      ],
      [
        42,
        10
      ],
      [
        68,
        40
      ],
      [
        28,
        86
      ],
      [
        71,
        10
      ],
      [
        19,
        44
      ],
      [
        12,
        44
      ]
    ],
    "distance_matrix": [
      [
        0.0,
        49.9799959983992,
        62.76941930590086,
        64.07027391856539,
        31.89043743820395,
        7.810249675906654,
        62.68173577685928,
        25.298221281347036,
        45.12205669071391,
        51.97114584074513
      ],
      [
        49.9799959983992,
        0.0,
        16.55294535724685,
        22.02271554554524,
        71.11258679024411,
        46.52956049652737,
        18.681541692269406,
        75.27283706623525,
        45.803929962395145,
        50.24937810560445
      ],
      [
        62.76941930590086,
        16.55294535724685,
        0.0,
        30.675723300355934,
        78.77182237323191,
        60.60528029800704,
        3.605551275463989,
        87.65842800324451,
        45.60701700396552,
        47.92702786528704
      ],
      [
        64.07027391856539,
        22.02271554554524,
        30.675723300355934,
        0.0,
        89.82204629154248,
        58.54912467321779,
        34.17601498127012,
        88.68483523128404,
        67.80117993073571,
        72.24956747275377
      ],
      [
        31.89043743820395,
        71.11258679024411,
        78.77182237323191,
        89.82204629154248,
        0.0,
        39.698866482558415,
        77.27871634544663,
        29.0,
        41.048751503547585,
        45.34313619501854
      ],
      [
        7.810249675906654,
        46.52956049652737,
        60.60528029800704,
        58.54912467321779,
        39.698866482558415,
        0.0,
        60.959002616512684,
        30.14962686336267,
        49.16299421312742,
        56.142675390472796
      ],
      [
        62.68173577685928,
        18.681541692269406,
        3.605551275463989,
        34.17601498127012,
        77.27871634544663,
        60.959002616512684,
        0.0,
        87.32124598286491,
        42.95346318982906,
        44.94441010848846
      ],
      [
        25.298221281347036,
        75.27283706623525,
        87.65842800324451,
        88.68483523128404,
        29.0,
        30.14962686336267,
        87.32124598286491,
        0.0,
        62.12889826803627,
        68.09552114493287
      ],
      [
        45.12205669071391,
        45.803929962395145,
        45.60701700396552,
        67.80117993073571,
        41.048751503547585,
        49.16299421312742,
        42.95346318982906,
        62.12889826803627,
        0.0,
        7.0
      ],
      [
        51.97114584074513,
        50.24937810560445,
        47.92702786528704,
        72.24956747275377,
        45.34313619501854,
        56.142675390472796,
        44.94441010848846,
        68.09552114493287,
        7.0,
        0.0
      ]
    ],
    "optimal_route": [
      0,
      5,
      3,
      1,
      2,
      6,
      9,
      8,
      4,
      7
    ],
    "optimal_cost": 230.5337
  },
  {
    "n_nodes": 10,
    "coords": [
      [
        31,
        64
      ],
      [
        70,
        20
      ],
      [
        31,
        29
      ],
      [
        70,
        32
      ],
      [
        50,
        70
      ],
      [
        59,
        93
      ],
      [
        89,
        70
      ],
      [
        67,
        80
      ],
      [
        43,
        75
      ],
      [
        84,
        46
      ]
    ],
    "distance_matrix": [
      [
        0.0,
        58.7962583843564,
        35.0,
        50.44799302251776,
        19.924858845171276,
        40.311288741492746,
        58.309518948453004,
        39.395431207184416,
        16.278820596099706,
        55.97320787662612
      ],
      [
        58.7962583843564,
        0.0,
        40.024992192379,
        12.0,
        53.85164807134504,
        73.824115301167,
        53.48831648126533,
        60.07495318350236,
        61.26989472816156,
        29.5296461204668
      ],
      [
        35.0,
        40.024992192379,
        0.0,
        39.11521443121589,
        45.18849411078001,
        69.85699678629192,
        71.02816342831905,
        62.42595614005443,
        47.53945729601885,
        55.65968020030299
      ],
      [
        50.44799302251776,
        12.0,
        39.11521443121589,
        0.0,
        42.941821107167776,
        61.98386886924694,
        42.485291572496,
        48.093658625644196,
        50.774009099144415,
        19.79898987322333
      ],
      [
        19.924858845171276,
        53.85164807134504,
        45.18849411078001,
        42.941821107167776,
        0.0,
        24.698178070456937,
        39.0,
        19.72308292331602,
        8.602325267042627,
        41.617304093369626
      ],
      [
        40.311288741492746,
        73.824115301167,
        69.85699678629192,
        61.98386886924694,
        24.698178070456937,
        0.0,
        37.8021163428716,
        15.264337522473747,
        24.08318915758459,
        53.23532661682466
      ],
      [
        58.309518948453004,
        53.48831648126533,
        71.02816342831905,
        42.485291572496,
        39.0,
        37.8021163428716,
        0.0,
        24.166091947189145,
        46.2709412050371,
        24.515301344262525
      ],
      [
        39.395431207184416,
        60.07495318350236,
        62.42595614005443,
        48.093658625644196,
        19.72308292331602,
        15.264337522473747,
        24.166091947189145,
        0.0,
        24.515301344262525,
        38.01315561749642
      ],
      [
        16.278820596099706,
        61.26989472816156,
        47.53945729601885,
        50.774009099144415,
        8.602325267042627,
        24.08318915758459,
        46.2709412050371,
        24.515301344262525,
        0.0,
        50.21951811795888
      ],
      [
        55.97320787662612,
        29.5296461204668,
        55.65968020030299,
        19.79898987322333,
        41.617304093369626,
        53.23532661682466,
        24.515301344262525,
        38.01315561749642,
        50.21951811795888,
        0.0
      ]
    ],
    "optimal_route": [
      0,
      8,
      4,
      5,
      7,
      6,
      9,
      3,
      1,
      2
    ],
    "optimal_cost": 185.349
  },
  {
    "n_nodes": 10,
    "coords": [
      [
        34,
        6
      ],
      [
        92,
        65
      ],
      [
        61,
        47
      ],
      [
        52,
        4
      ],
      [
        17,
        20
      ],
      [
        52,
        23
      ],
      [
        44,
        56
      ],
      [
        80,
        0
      ],
      [
        4,
        69
      ],
      [
        49,
        56
      ]
    ],
    "distance_matrix": [
      [
        0.0,
        82.73451516749222,
        49.09175083453431,
        18.110770276274835,
        22.02271554554524,
        24.758836806279895,
        50.99019513592785,
        46.389654018972806,
        69.77822009767804,
        52.20153254455275
      ],
      [
        82.73451516749222,
        0.0,
        35.84689665786984,
        72.94518489934754,
        87.46427842267951,
        58.0,
        48.83646178829912,
        66.09841147864296,
        88.09086218218096,
        43.93176527297759
      ],
      [
        49.09175083453431,
        35.84689665786984,
        0.0,
        43.93176527297759,
        51.62363799656123,
        25.632011235952593,
        19.235384061671343,
        50.695167422546305,
        61.09828148156051,
        15.0
      ],
      [
        18.110770276274835,
        72.94518489934754,
        43.93176527297759,
        0.0,
        38.48376280978771,
        19.0,
        52.61178575186362,
        28.284271247461902,
        80.80222769206304,
        52.08646657242167
      ],
      [
        22.02271554554524,
        87.46427842267951,
        51.62363799656123,
        38.48376280978771,
        0.0,
        35.12833614050059,
        45.0,
        66.09841147864296,
        50.695167422546305,
        48.16637831516918
      ],
      [
        24.758836806279895,
        58.0,
        25.632011235952593,
        19.0,
        35.12833614050059,
        0.0,
        33.95585369269929,
        36.235341863986875,
        66.48308055437865,
        33.13608305156178
      ],
      [
        50.99019513592785,
        48.83646178829912,
        19.235384061671343,
        52.61178575186362,
        45.0,
        33.95585369269929,
        0.0,
        66.57326790837296,
        42.05948168962618,
        5.0
      ],
      [
        46.389654018972806,
        66.09841147864296,
        50.695167422546305,
        28.284271247461902,
        66.09841147864296,
        36.235341863986875,
        66.57326790837296,
        0.0,
        102.6498904042279,
        64.00781202322104
      ],
      [
        69.77822009767804,
        88.09086218218096,
        61.09828148156051,
        80.80222769206304,
        50.695167422546305,
        66.48308055437865,
        42.05948168962618,
        102.6498904042279,
        0.0,
        46.84015371452148
      ],
      [
        52.20153254455275,
        43.93176527297759,
        15.0,
        52.08646657242167,
        48.16637831516918,
        33.13608305156178,
        5.0,
        64.00781202322104,
        46.84015371452148,
        0.0
      ]
    ],
    "optimal_route": [
      0,
      4,
      8,
      6,
      9,
      2,
      1,
      7,
      3,
      5
    ],
    "optimal_cost": 284.0069
  },
  {
    "n_nodes": 10,
    "coords": [
      [
        78,
        27
      ],
      [
        58,
        64
      ],
      [
        91,
        61
      ],
      [
        91,
        66
      ],
      [
        46,
        93
      ],
      [
        58,
        93
      ],
      [
        3,
        4
      ],
      [
        21,
        44
      ],
      [
        95,
        16
      ],
      [
        33,
        95
      ]
    ],
    "distance_matrix": [
      [
        0.0,
        42.05948168962618,
        36.40054944640259,
        41.10960958218893,
        73.348483283569,
        68.96375859826666,
        78.44743462982075,
        59.481089431852205,
        20.248456731316587,
        81.54140052758476
      ],
      [
        42.05948168962618,
        0.0,
        33.13608305156178,
        33.06055050963308,
        31.38470965295043,
        29.0,
        81.39410298049853,
        42.05948168962618,
        60.60528029800704,
        39.824615503479755
      ],
      [
        36.40054944640259,
        33.13608305156178,
        0.0,
        5.0,
        55.21775076911409,
        45.967379738244816,
        104.84750831564858,
        72.03471385380801,
        45.17742799230607,
        67.23094525588644
      ],
      [
        41.10960958218893,
        33.06055050963308,
        5.0,
        0.0,
        52.478567053607705,
        42.638011210655684,
        107.64757312638311,
        73.37574531137656,
        50.15974481593781,
        64.8459713474939
      ],
      [
        73.348483283569,
        31.38470965295043,
        55.21775076911409,
        52.478567053607705,
        0.0,
        12.0,
        98.84331034521254,
        55.00909015790027,
        91.26883367283708,
        13.152946437965905
      ],
      [
        68.96375859826666,
        29.0,
        45.967379738244816,
        42.638011210655684,
        12.0,
        0.0,
        104.62313319720452,
        61.40032573203501,
        85.42833253669417,
        25.079872407968907
      ],
      [
        78.44743462982075,
        81.39410298049853,
        104.84750831564858,
        107.64757312638311,
        98.84331034521254,
        104.62313319720452,
        0.0,
        43.86342439892262,
        92.77930803794561,
        95.81753492967766
      ],
      [
        59.481089431852205,
        42.05948168962618,
        72.03471385380801,
        73.37574531137656,
        55.00909015790027,
        61.40032573203501,
        43.86342439892262,
        0.0,
        79.12016177940993,
        52.392747589718944
      ],
      [
        20.248456731316587,
        60.60528029800704,
        45.17742799230607,
        50.15974481593781,
        91.26883367283708,
        85.42833253669417,
        92.77930803794561,
        79.12016177940993,
        0.0,
        100.42410069301094
      ],
      [
        81.54140052758476,
        39.824615503479755,
        67.23094525588644,
        64.8459713474939,
        13.152946437965905,
        25.079872407968907,
        95.81753492967766,
        52.392747589718944,
        100.42410069301094,
        0.0
      ]
    ],
    "optimal_route": [
      0,
      8,
      2,
      3,
      1,
      5,
      4,
      9,
      7,
      6
    ],
    "optimal_cost": 253.8956
  },
  {
    "n_nodes": 10,
    "coords": [
      [
        17,
        56
      ],
      [
        71,
        38
      ],
      [
        61,
        62
      ],
      [
        48,
        28
      ],
      [
        57,
        42
      ],
      [
        73,
        93
      ],
      [
        48,
        26
      ],
      [
        92,
        25
      ],
