[
  {
    "n_nodes": 15,
    "coords": [
      [
        81,
        14
      ],
      [
        3,
        94
      ],
      [
        35,
        31
      ],
      [
        28,
        17
      ],
      [
        94,
        13
      ],
      [
        86,
        94
      ],
      [
        69,
        11
      ],
      [
        75,
        54
      ],
      [
        4,
        3
      ],
      [
        11,
        27
      ],
      [
        29,
        64
      ],
      [
        77,
        3
      ],
      [
        71,
        25
      ],
      [
        91,
        83
      ],
      [
        89,
        69
      ]
    ],
    "distance_matrix": [
      [
        0.0,
        111.73182178770737,
        49.040799340956916,
        53.08483775994799,
        13.038404810405298,
        80.15609770940699,
        12.36931687685298,
        40.44749683231337,
        77.78174593052023,
        71.19691004531025,
        72.13875518748573,
        11.704699910719626,
        14.866068747318506,
        69.72087205421343,
        55.57877292636101
      ],
      [
        111.73182178770737,
        0.0,
        70.66116330771806,
        80.95677859203639,
        121.82774724995944,
        83.0,
        106.04244433244644,
        82.365041127896,
        91.00549433962765,
        67.47592163134935,
        39.698866482558415,
        117.29023829799307,
        96.87620966986684,
        88.68483523128404,
        89.56003573022959
      ],
      [
        49.040799340956916,
        70.66116330771806,
        0.0,
        15.652475842498529,
        61.68468205316454,
        81.05553651663777,
        39.44616584663204,
        46.14108798023731,
        41.773197148410844,
        24.331050121192877,
        33.54101966249684,
        50.47771785649585,
        36.49657518178932,
        76.4198926981712,
        66.03029607687671
      ],
      [
        53.08483775994799,
        80.95677859203639,
        15.652475842498529,
        0.0,
        66.12110101926616,
        96.40020746865642,
        41.43669871020132,
        59.81638571495272,
        27.784887978899608,
        19.72308292331602,
        47.01063709417264,
        50.96076922496363,
        43.73785545725808,
        91.2414379544733,
        80.15609770940699
      ],
      [
        13.038404810405298,
        121.82774724995944,
        61.68468205316454,
        66.12110101926616,
        0.0,
        81.39410298049853,
        25.079872407968907,
        45.18849411078001,
        90.55385138137417,
        84.17244204607586,
        82.61961026293939,
        19.72308292331602,
        25.942243542145693,
        70.06425622241343,
        56.22277118748239
      ],
      [
        80.15609770940699,
        83.0,
        81.05553651663777,
        96.40020746865642,
        81.39410298049853,
        0.0,
        84.72307831990054,
        41.48493702538308,
        122.494897852931,
        100.56838469419701,
        64.41273166075166,
        91.44397191723465,
        70.61161377563892,
        12.083045973594572,
        25.179356624028344
      ],
      [
        12.36931687685298,
        106.04244433244644,
        39.44616584663204,
        41.43669871020132,
        25.079872407968907,
        84.72307831990054,
        0.0,
        43.41658669218482,
        65.49045732013177,
        60.166435825965294,
        66.40030120413611,
        11.313708498984761,
        14.142135623730951,
        75.28612089887484,
        61.35144660071187
      ],
      [
        40.44749683231337,
        82.365041127896,
        46.14108798023731,
        59.81638571495272,
        45.18849411078001,
        41.48493702538308,
        43.41658669218482,
        0.0,
        87.41853350405736,
        69.46221994724903,
        47.07440918375928,
        51.03920062069938,
        29.274562336608895,
        33.12099032335839,
        20.518284528683193
      ],
      [
        77.78174593052023,
        91.00549433962765,
        41.773197148410844,
        27.784887978899608,
        90.55385138137417,
        122.494897852931,
        65.49045732013177,
        87.41853350405736,
        0.0,
        25.0,
        65.92419889539804,
        73.0,
        70.51950084905593,
        118.1905241548577,
        107.61505470890214
      ],
      [
        71.19691004531025,
        67.47592163134935,
        24.331050121192877,
        19.72308292331602,
        84.17244204607586,
        100.56838469419701,
        60.166435825965294,
        69.46221994724903,
        25.0,
        0.0,
        41.14608122288197,
        70.22819946431775,
        60.03332407921454,
        97.65244492586962,
        88.58893836140041
      ],
      [
        72.13875518748573,
        39.698866482558415,
        33.54101966249684,
        47.01063709417264,
        82.61961026293939,
        64.41273166075166,
        66.40030120413611,
        47.07440918375928,
        65.92419889539804,
        41.14608122288197,
        0.0,
        77.62087348130012,
        57.3149195236284,
        64.8459713474939,
        60.207972893961475
      ],
      [
        11.704699910719626,
        117.29023829799307,
        50.47771785649585,
        50.96076922496363,
        19.72308292331602,
        91.44397191723465,
        11.313708498984761,
        51.03920062069938,
        73.0,
        70.22819946431775,
        77.62087348130012,
        0.0,
        22.80350850198276,
        81.21576201698781,
        67.08203932499369
      ],
      [
        14.866068747318506,
        96.87620966986684,
        36.49657518178932,
        43.73785545725808,
        25.942243542145693,
        70.61161377563892,
        14.142135623730951,
        29.274562336608895,
        70.51950084905593,
        60.03332407921454,
        57.3149195236284,
        22.80350850198276,
        0.0,
        61.35144660071187,
        47.53945729601885
      ],
      [
        69.72087205421343,
        88.68483523128404,
        76.4198926981712,
        91.2414379544733,
        70.06425622241343,
        12.083045973594572,
        75.28612089887484,
        33.12099032335839,
        118.1905241548577,
        97.65244492586962,
        64.8459713474939,
        81.21576201698781,
        61.35144660071187,
        0.0,
        14.142135623730951
      ],
      [
        55.57877292636101,
        89.56003573022959,
        66.03029607687671,
        80.15609770940699,
        56.22277118748239,
        25.179356624028344,
        61.35144660071187,
        20.518284528683193,
        107.61505470890214,
        88.58893836140041,
        60.207972893961475,
        67.08203932499369,
        47.53945729601885,
        14.142135623730951,
        0.0
      ]
    ],
    "optimal_route": [
      0,
      4,
      11,
      6,
      2,
      3,
      8,
      9,
      10,
      1,
      5,
      13,
      14,
      7,
      12
    ],
    "optimal_cost": 391.8217
  },
  {
    "n_nodes": 15,
    "coords": [
      [
        4,
        36
      ],
      [
        89,
        97
      ],
      [
        18,
        59
      ],
      [
        47,
        85
      ],
      [
        89,
        12
      ],
      [
        58,
        76
      ],
      [
        63,
        77
      ],
      [
        2,
        65
      ],
      [
        55,
        73
      ],
      [
        47,
        79
      ],
      [
        70,
        96
      ],
      [
        55,
        50
      ],
      [
        22,
        7
      ],
      [
        13,
        15
      ],
      [
        48,
        19
      ]
    ],
    "distance_matrix": [
      [
        0.0,
        104.62313319720452,
        26.92582403567252,
        65.19202405202648,
        88.32326986700618,
        67.20119046564577,
        71.84705978674423,
        29.068883707497267,
        63.00793600809346,
        60.81118318204309,
        89.19641248391103,
        52.88667128870941,
        34.132096331752024,
        22.847319317591726,
        47.16990566028302
      ],
      [
        104.62313319720452,
        0.0,
        80.52949770115296,
        43.68065933568311,
        85.0,
        37.44329045369811,
        32.802438933713454,
        92.69843580125827,
        41.617304093369626,
        45.69463863518345,
        19.026297590440446,
        58.008620049092706,
        112.2007130102122,
        111.80339887498948,
        88.11923740024082
      ],
      [
        26.92582403567252,
        80.52949770115296,
        0.0,
        38.948684188300895,
        85.14693182963201,
        43.46262762420146,
        48.46648326421054,
        17.08800749063506,
        39.56008088970496,
        35.22782990761707,
        63.8200595424354,
        38.07886552931954,
        52.15361924162119,
        44.28317965096906,
        50.0
      ],
      [
        65.19202405202648,
        43.68065933568311,
        38.948684188300895,
        0.0,
        84.21995013059554,
        14.212670403551895,
        17.88854381999832,
        49.24428900898052,
        14.422205101855956,
        6.0,
        25.495097567963924,
        35.90264614203248,
        81.9084855189009,
        77.82030583337487,
        66.007575322837
      ],
      [
        88.32326986700618,
        85.0,
        85.14693182963201,
        84.21995013059554,
        0.0,
        71.11258679024411,
        70.00714249274856,
        101.87246929372037,
        69.83552104767315,
        79.07591289387686,
        86.12200647918046,
        50.99019513592785,
        67.1863081289633,
        76.05918747922567,
        41.593268686170845
      ],
      [
        67.20119046564577,
        37.44329045369811,
        43.46262762420146,
        14.212670403551895,
        71.11258679024411,
        0.0,
        5.0990195135927845,
        57.0701322935211,
        4.242640687119285,
        11.40175425099138,
        23.323807579381203,
        26.1725046566048,
        77.82673062643708,
        75.8023746329889,
        57.87054518492115
      ],
      [
        71.84705978674423,
        32.802438933713454,
        48.46648326421054,
        17.88854381999832,
        70.00714249274856,
        5.0990195135927845,
        0.0,
        62.16912416947821,
        8.94427190999916,
        16.1245154965971,
        20.248456731316587,
        28.160255680657446,
        81.12336284942828,
        79.64923100695951,
        59.90826320300064
      ],
      [
        29.068883707497267,
        92.69843580125827,
        17.08800749063506,
        49.24428900898052,
        101.87246929372037,
        57.0701322935211,
        62.16912416947821,
        0.0,
        53.600373133029585,
        47.12748667179272,
        74.73285756613352,
        55.08175741568164,
        61.35144660071187,
        51.19570294468082,
        65.05382386916237
      ],
      [
        63.00793600809346,
        41.617304093369626,
        39.56008088970496,
        14.422205101855956,
        69.83552104767315,
        4.242640687119285,
        8.94427190999916,
        53.600373133029585,
        0.0,
        10.0,
        27.459060435491963,
        23.0,
        73.79024325749306,
        71.61005515987263,
        54.45181356024793
      ],
      [
        60.81118318204309,
        45.69463863518345,
        35.22782990761707,
        6.0,
        79.07591289387686,
        11.40175425099138,
        16.1245154965971,
        47.12748667179272,
        10.0,
        0.0,
        28.600699292150182,
        30.083217912982647,
        76.21679604916491,
        72.47068372797375,
        60.00833275470999
      ],
      [
        89.19641248391103,
        19.026297590440446,
        63.8200595424354,
        25.495097567963924,
        86.12200647918046,
        23.323807579381203,
        20.248456731316587,
        74.73285756613352,
        27.459060435491963,
        28.600699292150182,
        0.0,
        48.38388161361178,
        101.11874208078342,
        99.04544411531506,
        80.0812087820857
      ],
      [
        52.88667128870941,
        58.008620049092706,
        38.07886552931954,
        35.90264614203248,
        50.99019513592785,
        26.1725046566048,
        28.160255680657446,
        55.08175741568164,
        23.0,
        30.083217912982647,
        48.38388161361178,
        0.0,
        54.20332093147061,
        54.67174773134658,
        31.78049716414141
      ],
      [
        34.132096331752024,
        112.2007130102122,
        52.15361924162119,
        81.9084855189009,
        67.1863081289633,
        77.82673062643708,
        81.12336284942828,
        61.35144660071187,
        73.79024325749306,
        76.21679604916491,
        101.11874208078342,
        54.20332093147061,
        0.0,
        12.041594578792296,
        28.635642126552707
      ],
      [
        22.847319317591726,
        111.80339887498948,
        44.28317965096906,
        77.82030583337487,
        76.05918747922567,
        75.8023746329889,
        79.64923100695951,
        51.19570294468082,
        71.61005515987263,
        72.47068372797375,
        99.04544411531506,
        54.67174773134658,
        12.041594578792296,
        0.0,
        35.22782990761707
      ],
      [
        47.16990566028302,
        88.11923740024082,
        50.0,
        66.007575322837,
        41.593268686170845,
        57.87054518492115,
        59.90826320300064,
        65.05382386916237,
        54.45181356024793,
        60.00833275470999,
        80.0812087820857,
        31.78049716414141,
        28.635642126552707,
        35.22782990761707,
        0.0
      ]
    ],
    "optimal_route": [
      0,
      13,
      12,
      14,
      4,
      1,
      10,
      6,
      5,
      3,
      9,
      8,
      11,
      2,
      7
    ],
    "optimal_cost": 342.8711
  },
  {
    "n_nodes": 15,
    "coords": [
      [
        52,
        66
      ],
      [
        69,
        89
      ],
      [
        14,
        22
      ],
      [
        48,
        28
      ],
      [
        37,
        3
      ],
      [
        28,
        14
      ],
      [
        72,
        1
      ],
      [
        12,
        20
      ],
      [
        99,
        65
      ],
      [
        88,
        38
      ],
      [
        88,
        81
      ],
      [
        48,
        75
      ],
      [
        51,
        98
      ],
      [
        88,
        85
      ],
      [
        41,
        45
      ]
    ],
    "distance_matrix": [
      [
        0.0,
        28.600699292150182,
        58.137767414994535,
        38.2099463490856,
        64.76109943476871,
        57.271284253105414,
        68.00735254367721,
        60.959002616512684,
        47.01063709417264,
        45.60701700396552,
        39.0,
        9.848857801796104,
        32.01562118716424,
        40.70626487409524,
        23.706539182259394
      ],
      [
        28.600699292150182,
        0.0,
        86.68333173107735,
        64.51356446515724,
        91.76055797563569,
        85.47514258543241,
        88.05112151472007,
        89.49860334105779,
        38.41874542459709,
        54.42425929675111,
        20.615528128088304,
        25.238858928247925,
        20.12461179749811,
        19.4164878389476,
        52.15361924162119
      ],
      [
        58.137767414994535,
        86.68333173107735,
        0.0,
        34.52535300326414,
        29.832867780352597,
        16.1245154965971,
        61.68468205316454,
        2.8284271247461903,
        95.25754563287887,
        75.7099729229908,
        94.64142856064674,
        62.96824596572466,
        84.52810183601665,
        97.18538984847466,
        35.4682957019364
      ],
      [
        38.2099463490856,
        64.51356446515724,
        34.52535300326414,
        0.0,
        27.313000567495326,
        24.413111231467404,
        36.124783736376884,
        36.87817782917155,
        63.00793600809346,
        41.23105625617661,
        66.40030120413611,
        47.0,
        70.06425622241343,
        69.63476143421474,
        18.384776310850235
      ],
      [
        64.76109943476871,
        91.76055797563569,
        29.832867780352597,
        27.313000567495326,
        0.0,
        14.212670403551895,
        35.05709628591621,
        30.23243291566195,
        87.68124086713189,
        61.85466837676846,
        93.1933474020544,
        72.83543093852057,
        96.0260381354974,
        96.56603957913983,
        42.190046219457976
      ],
      [
        57.271284253105414,
        85.47514258543241,
        16.1245154965971,
        24.413111231467404,
        14.212670403551895,
        0.0,
        45.880278987817846,
        17.08800749063506,
        87.41853350405736,
        64.62197768561404,
        89.9388681271896,
        64.19501538281614,
        87.09190547921202,
        92.9569792968769,
        33.61547262794322
      ],
      [
        68.00735254367721,
        88.05112151472007,
        61.68468205316454,
        36.124783736376884,
        35.05709628591621,
        45.880278987817846,
        0.0,
        62.93647591023825,
        69.46221994724903,
        40.311288741492746,
        81.58431221748455,
        77.79460135510689,
        99.24716620639605,
        85.5102333057278,
        53.823786563191554
      ],
      [
        60.959002616512684,
        89.49860334105779,
        2.8284271247461903,
        36.87817782917155,
        30.23243291566195,
        17.08800749063506,
        62.93647591023825,
        0.0,
        97.94896630388705,
        78.10249675906654,
        97.45255255764212,
        65.73431371817918,
        87.20665112249179,
        100.00499987500625,
        38.28837943815329
      ],
      [
        47.01063709417264,
        38.41874542459709,
        95.25754563287887,
        63.00793600809346,
        87.68124086713189,
        87.41853350405736,
        69.46221994724903,
        97.94896630388705,
        0.0,
        29.154759474226502,
        19.4164878389476,
        51.97114584074513,
        58.249463516842795,
        22.825424421026653,
        61.35144660071187
      ],
      [
        45.60701700396552,
        54.42425929675111,
        75.7099729229908,
        41.23105625617661,
        61.85466837676846,
        64.62197768561404,
        40.311288741492746,
        78.10249675906654,
        29.154759474226502,
        0.0,
        43.0,
        54.48853090330111,
        70.49113419430843,
        47.0,
        47.51841748206689
      ],
      [
        39.0,
        20.615528128088304,
        94.64142856064674,
        66.40030120413611,
        93.1933474020544,
        89.9388681271896,
        81.58431221748455,
        97.45255255764212,
        19.4164878389476,
        43.0,
        0.0,
        40.44749683231337,
        40.718546143004666,
        4.0,
        59.20304046246274
      ],
      [
        9.848857801796104,
        25.238858928247925,
        62.96824596572466,
        47.0,
        72.83543093852057,
        64.19501538281614,
        77.79460135510689,
        65.73431371817918,
        51.97114584074513,
        54.48853090330111,
        40.44749683231337,
        0.0,
        23.194827009486403,
        41.23105625617661,
        30.805843601498726
      ],
      [
        32.01562118716424,
        20.12461179749811,
        84.52810183601665,
        70.06425622241343,
        96.0260381354974,
        87.09190547921202,
        99.24716620639605,
        87.20665112249179,
        58.249463516842795,
        70.49113419430843,
        40.718546143004666,
        23.194827009486403,
        0.0,
        39.21734310225516,
        53.9351462406472
      ],
      [
        40.70626487409524,
        19.4164878389476,
        97.18538984847466,
        69.63476143421474,
        96.56603957913983,
        92.9569792968769,
        85.5102333057278,
        100.00499987500625,
        22.825424421026653,
        47.0,
        4.0,
        41.23105625617661,
        39.21734310225516,
        0.0,
        61.71709649683789
      ],
      [
        23.706539182259394,
        52.15361924162119,
        35.4682957019364,
        18.384776310850235,
        42.190046219457976,
        33.61547262794322,
        53.823786563191554,
        38.28837943815329,
        61.35144660071187,
        47.51841748206689,
        59.20304046246274,
        30.805843601498726,
        53.9351462406472,
        61.71709649683789,
        0.0
      ]
    ],
    "optimal_route": [
      0,
      11,
      12,
      1,
      13,
      10,
      8,
      9,
      6,
      4,
      5,
      7,
      2,
      3,
      14
    ],
    "optimal_cost": 287.5637
  },
  {
    "n_nodes": 15,
    "coords": [
      [
        34,
        53
      ],
      [
        62,
        32
      ],
      [
        10,
        38
      ],
      [
        43,
        2
      ],
      [
        9,
        61
      ],
      [
        1,
        14
      ],
      [
        36,
        15
      ],
      [
        39,
        95
      ],
      [
        83,
        4
      ],
      [
        79,
        8
      ],
      [
        17,
        34
      ],
      [
        94,
        19
      ],
      [
        27,
        97
      ],
      [
        91,
        54
      ],
      [
        9,
        78
      ]
    ],
    "distance_matrix": [
      [
        0.0,
        35.0,
        28.30194339616981,
        51.78802950489621,
        26.248809496813376,
        51.088159097779204,
        38.05259518088089,
        42.2965719651132,
        69.29646455628166,
        63.63961030678928,
        25.495097567963924,
        68.96375859826666,
        44.553338819890925,
        57.0087712549569,
        35.35533905932738
      ],
      [
        35.0,
        0.0,
        52.3450093132096,
        35.510561809129406,
        60.41522986797286,
        63.60031446463138,
        31.064449134018133,
        67.06713054842886,
        35.0,
        29.410882339705484,
        45.044422518220834,
        34.539832078341085,
        73.824115301167,
        36.40054944640259,
        70.178344238091
      ],
      [
        28.30194339616981,
        52.3450093132096,
        0.0,
        48.83646178829912,
        23.021728866442675,
        25.632011235952593,
        34.713109915419565,
        63.953107821277925,
        80.52949770115296,
        75.23961722390672,
        8.06225774829855,
        86.12200647918046,
        61.40032573203501,
        82.56512580987206,
        40.01249804748511
      ],
      [
        51.78802950489621,
        35.510561809129406,
        48.83646178829912,
        0.0,
        68.09552114493287,
        43.68065933568311,
        14.7648230602334,
        93.08598175880189,
        40.049968789001575,
        36.49657518178932,
        41.23105625617661,
        53.75872022286245,
        96.33794683301072,
        70.76722405181653,
        83.2586331859946
      ],
      [
        26.248809496813376,
        60.41522986797286,
        23.021728866442675,
        68.09552114493287,
        0.0,
        47.67598976424087,
        53.33854141237835,
        45.34313619501854,
        93.40770846134703,
        87.80091115700337,
        28.160255680657446,
        94.81033698917012,
        40.24922359499622,
        82.29823813423954,
        17.0
      ],
      [
        51.088159097779204,
        63.60031446463138,
        25.632011235952593,
        43.68065933568311,
        47.67598976424087,
        0.0,
        35.014282800023196,
        89.47066558375433,
        82.60750571225353,
        78.23042886243178,
        25.612496949731394,
        93.13431161500041,
        86.97700845625813,
        98.48857801796105,
        64.4980619863884
      ],
      [
        38.05259518088089,
        31.064449134018133,
        34.713109915419565,
        14.7648230602334,
        53.33854141237835,
        35.014282800023196,
        0.0,
        80.05623023850174,
        48.27007354458868,
        43.56604182158393,
        26.870057685088806,
        58.137767414994535,
        82.49242389456137,
        67.42403132415029,
        68.54195795277518
      ],
      [
        42.2965719651132,
        67.06713054842886,
        63.953107821277925,
        93.08598175880189,
        45.34313619501854,
        89.47066558375433,
        80.05623023850174,
        0.0,
        101.07917688624102,
        95.75489543621255,
        64.8459713474939,
        93.81364506296512,
        12.165525060596439,
        66.21933252457322,
        34.48187929913333
      ],
      [
        69.29646455628166,
        35.0,
        80.52949770115296,
        40.049968789001575,
        93.40770846134703,
        82.60750571225353,
        48.27007354458868,
        101.07917688624102,
        0.0,
        5.656854249492381,
        72.49827584156743,
        18.601075237738275,
        108.55873986004075,
        50.635955604688654,
        104.65180361560904
      ],
      [
        63.63961030678928,
        29.410882339705484,
        75.23961722390672,
        36.49657518178932,
        87.80091115700337,
        78.23042886243178,
        43.56604182158393,
        95.75489543621255,
        5.656854249492381,
        0.0,
        67.23094525588644,
        18.601075237738275,
        103.07764064044152,
        47.53945729601885,
        98.99494936611666
      ],
      [
        25.495097567963924,
        45.044422518220834,
        8.06225774829855,
        41.23105625617661,
        28.160255680657446,
        25.612496949731394,
        26.870057685088806,
        64.8459713474939,
        72.49827584156743,
        67.23094525588644,
        0.0,
        78.44743462982075,
        63.788713735268246,
        76.6550715869472,
        44.721359549995796
      ],
      [
        68.96375859826666,
        34.539832078341085,
        86.12200647918046,
        53.75872022286245,
        94.81033698917012,
        93.13431161500041,
        58.137767414994535,
        93.81364506296512,
        18.601075237738275,
        18.601075237738275,
        78.44743462982075,
        0.0,
        102.82509421342633,
        35.12833614050059,
        103.46980235798269
      ],
      [
        44.553338819890925,
        73.824115301167,
        61.40032573203501,
        96.33794683301072,
        40.24922359499622,
        86.97700845625813,
        82.49242389456137,
        12.165525060596439,
        108.55873986004075,
        103.07764064044152,
        63.788713735268246,
        102.82509421342633,
        0.0,
        77.10382610480494,
        26.1725046566048
      ],
      [
        57.0087712549569,
        36.40054944640259,
        82.56512580987206,
        70.76722405181653,
        82.29823813423954,
        98.48857801796105,
        67.42403132415029,
        66.21933252457322,
        50.635955604688654,
        47.53945729601885,
        76.6550715869472,
        35.12833614050059,
        77.10382610480494,
        0.0,
        85.44003745317531
      ],
      [
        35.35533905932738,
        70.178344238091,
        40.01249804748511,
        83.2586331859946,
        17.0,
        64.4980619863884,
        68.54195795277518,
        34.48187929913333,
        104.65180361560904,
        98.99494936611666,
        44.721359549995796,
        103.46980235798269,
        26.1725046566048,
        85.44003745317531,
        0.0
      ]
    ],
    "optimal_route": [
      0,
      4,
      14,
      12,
      7,
      13,
      11,
      8,
      9,
      1,
      3,
      6,
      5,
      2,
      10
    ],
    "optimal_cost": 355.5873
  },
  {
    "n_nodes": 15,
    "coords": [
      [
        9,
        51
      ],
      [
        5,
        75
      ],
      [
        75,
        29
      ],
      [
        81,
        66
      ],
      [
        19,
        74
      ],
      [
        68,
        4
      ],
      [
        3,
        8
      ],
      [
        100,
        40
      ],
      [
        80,
        6
      ],
      [
        3,
        17
      ],
      [
        70,
        37
      ],
      [
        67,
        42
      ],
      [
        91,
        97
      ],
      [
        11,
        50
      ],
      [
        90,
        61
      ]
    ],
    "distance_matrix": [
      [
        0.0,
        24.331050121192877,
        69.57010852370435,
        73.54590403278758,
        25.079872407968907,
        75.43208866258443,
        43.41658669218482,
        91.6624241442479,
        84.05950273467003,
        34.52535300326414,
        62.5859409132754,
        58.69412236331676,
        94.02127418834527,
        2.23606797749979,
        81.61494961096282
      ],
      [
        24.331050121192877,
        0.0,
        83.7615663654877,
        76.53103945458993,
        14.035668847618199,
        94.92101980067429,
        67.02984409947557,
        101.24228365658294,
        101.91172650877817,
        58.034472514187634,
        75.29276193632427,
        70.2353187506115,
        88.76936408468859,
        25.709920264364882,
        86.14522621712709
      ],
      [
        69.57010852370435,
        83.7615663654877,
        0.0,
        37.48332962798263,
        71.84010022264724,
        25.96150997149434,
        75.0,
        27.313000567495326,
        23.53720459187964,
        72.99315036357864,
        9.433981132056603,
        15.264337522473747,
        69.85699678629192,
        67.35725647619564,
        35.34119409414458
      ],
      [
        73.54590403278758,
        76.53103945458993,
        37.48332962798263,
        0.0,
        62.51399843235114,
        63.34824385884742,
        97.20082304178294,
        32.202484376209235,
        60.00833275470999,
        92.11405973031478,
        31.016124838541646,
        27.784887978899608,
        32.57299494980466,
        71.80529228406496,
        10.295630140987
      ],
      [
        25.079872407968907,
        14.035668847618199,
        71.84010022264724,
        62.51399843235114,
        0.0,
        85.44588931013593,
        67.91170738539859,
        87.84645695758026,
        91.35097153287424,
        59.20304046246274,
        63.00793600809346,
        57.688820407423826,
        75.58438992278762,
        25.298221281347036,
        72.18032973047436
      ],
      [
        75.43208866258443,
        94.92101980067429,
        25.96150997149434,
        63.34824385884742,
        85.44588931013593,
        0.0,
        65.12296062065974,
        48.16637831516918,
        12.165525060596439,
        66.2872536767062,
        33.06055050963308,
        38.01315561749642,
        95.80187889597991,
        73.24616030891995,
        61.09828148156051
      ],
      [
        43.41658669218482,
        67.02984409947557,
        75.0,
        97.20082304178294,
        67.91170738539859,
        65.12296062065974,
        0.0,
        102.1420579389313,
        77.02596964660685,
        9.0,
        73.00684899377592,
        72.47068372797375,
        125.15989773086265,
        42.7551166528639,
        101.87246929372037
      ],
      [
        91.6624241442479,
        101.24228365658294,
        27.313000567495326,
        32.202484376209235,
        87.84645695758026,
        48.16637831516918,
        102.1420579389313,
        0.0,
        39.44616584663204,
        99.68951800465283,
        30.14962686336267,
        33.06055050963308,
        57.706152185014034,
        89.56003573022959,
        23.259406699226016
      ],
      [
        84.05950273467003,
        101.91172650877817,
        23.53720459187964,
        60.00833275470999,
        91.35097153287424,
        12.165525060596439,
        77.02596964660685,
        39.44616584663204,
        0.0,
        77.78174593052023,
        32.57299494980466,
        38.27531841800928,
        91.6624241442479,
        81.83520025025906,
        55.90169943749474
      ],
      [
        34.52535300326414,
        58.034472514187634,
        72.99315036357864,
        92.11405973031478,
        59.20304046246274,
        66.2872536767062,
        9.0,
        99.68951800465283,
        77.78174593052023,
        0.0,
        69.92138442565336,
        68.70953354520753,
        118.92854997854805,
        33.95585369269929,
        97.49358953285082
      ],
      [
        62.5859409132754,
        75.29276193632427,
        9.433981132056603,
        31.016124838541646,
        63.00793600809346,
        33.06055050963308,
        73.00684899377592,
        30.14962686336267,
        32.57299494980466,
        69.92138442565336,
        0.0,
        5.830951894845301,
        63.56886030125127,
        60.41522986797286,
        31.240998703626616
      ],
      [
        58.69412236331676,
        70.2353187506115,
        15.264337522473747,
        27.784887978899608,
        57.688820407423826,
        38.01315561749642,
        72.47068372797375,
        33.06055050963308,
        38.27531841800928,
        68.70953354520753,
        5.830951894845301,
        0.0,
        60.00833275470999,
        56.568542494923804,
        29.832867780352597
      ],
      [
        94.02127418834527,
        88.76936408468859,
        69.85699678629192,
        32.57299494980466,
        75.58438992278762,
        95.80187889597991,
        125.15989773086265,
        57.706152185014034,
        91.6624241442479,
        118.92854997854805,
        63.56886030125127,
        60.00833275470999,
        0.0,
        92.78469701410896,
        36.013886210738214
      ],
      [
        2.23606797749979,
        25.709920264364882,
        67.35725647619564,
        71.80529228406496,
        25.298221281347036,
        73.24616030891995,
        42.7551166528639,
        89.56003573022959,
        81.83520025025906,
        33.95585369269929,
        60.41522986797286,
        56.568542494923804,
        92.78469701410896,
        0.0,
        79.76214641043707
      ],
      [
        81.61494961096282,
        86.14522621712709,
        35.34119409414458,
        10.295630140987,
        72.18032973047436,
        61.09828148156051,
        101.87246929372037,
        23.259406699226016,
        55.90169943749474,
        97.49358953285082,
        31.240998703626616,
        29.832867780352597,
        36.013886210738214,
        79.76214641043707,
        0.0
      ]
    ],
    "optimal_route": [
      0,
      1,
      4,
      12,
      3,
      14,
      7,
      11,
      10,
      2,
      8,
      5,
      6,
      9,
      13
    ],
    "optimal_cost": 372.1862
  },
  {
    "n_nodes": 15,
    "coords": [
      [
        45,
        8
      ],
      [
        55,
        70
      ],
      [
        58,
        73
      ],
      [
        43,
        32
      ],
      [
        65,
        49
      ],
      [
        50,
        78
      ],
      [
        5,
        53
      ],
      [
        84,
        3
      ],
      [
        13,
        0
      ],
      [
        33,
        61
      ],
      [
        92,
        69
      ],
      [
        1,
        40
      ],
      [
        72,
        54
      ],
      [
        29,
        30
      ],
      [
        66,
        65
      ]
    ],
    "distance_matrix": [
      [
        0.0,
        62.80127387243033,
        66.2872536767062,
        24.08318915758459,
        45.617978911828175,
        70.178344238091,
        60.207972893961475,
        39.319206502675,
        32.984845004941285,
        54.3415126767741,
        77.00649323271382,
        54.405882034941776,
        53.33854141237835,
        27.202941017470888,
        60.74537019394976
      ],
      [
        62.80127387243033,
        0.0,
        4.242640687119285,
        39.84971769034255,
        23.259406699226016,
        9.433981132056603,
        52.81098370604357,
        73.00684899377592,
        81.6333265278342,
        23.769728648009426,
        37.013511046643494,
        61.773780845922005,
        23.345235059857504,
        47.70744176750625,
        12.083045973594572
      ],
      [
        66.2872536767062,
        4.242640687119285,
        0.0,
        43.657759905886145,
        25.0,
        9.433981132056603,
        56.64803615307419,
        74.67261881037788,
        85.75546629807339,
        27.730849247724095,
        34.23448553724738,
        65.86349520030045,
        23.600847442411894,
        51.86520991955976,
        11.313708498984761
      ],
      [
        24.08318915758459,
        39.84971769034255,
        43.657759905886145,
        0.0,
        27.80287754891569,
        46.52956049652737,
        43.41658669218482,
        50.21951811795888,
        43.86342439892262,
        30.675723300355934,
        61.40032573203501,
        42.7551166528639,
        36.40054944640259,
        14.142135623730951,
        40.22437072223753
      ],
      [
        45.617978911828175,
        23.259406699226016,
        25.0,
        27.80287754891569,
        0.0,
        32.64965543462902,
        60.13318551349163,
        49.76946855251722,
        71.449282711585,
        34.17601498127012,
        33.60059523282288,
        64.6297145282261,
        8.602325267042627,
        40.70626487409524,
        16.0312195418814
      ],
      [
        70.178344238091,
        9.433981132056603,
        9.433981132056603,
        46.52956049652737,
        32.64965543462902,
        0.0,
        51.478150704935004,
        82.34682750416071,
        86.33075929238663,
        24.041630560342615,
        42.95346318982906,
        62.00806399170998,
        32.55764119219941,
        52.392747589718944,
        20.615528128088304
      ],
      [
        60.207972893961475,
        52.81098370604357,
        56.64803615307419,
        43.41658669218482,
        60.13318551349163,
        51.478150704935004,
        0.0,
        93.49331526906082,
        53.600373133029585,
        29.120439557122072,
        88.45903006477066,
        13.601470508735444,
        67.00746227100382,
        33.24154027718932,
        62.16912416947821
      ],
      [
        39.319206502675,
        73.00684899377592,
        74.67261881037788,
        50.21951811795888,
        49.76946855251722,
        82.34682750416071,
        93.49331526906082,
        0.0,
        71.06335201775947,
        77.23341245859851,
        66.48308055437865,
        90.87353850269065,
        52.392747589718944,
        61.26989472816156,
        64.5600495662759
      ],
      [
        32.984845004941285,
        81.6333265278342,
        85.75546629807339,
        43.86342439892262,
        71.449282711585,
        86.33075929238663,
        53.600373133029585,
        71.06335201775947,
        0.0,
        64.19501538281614,
        104.89041900955492,
        41.7612260356422,
        79.98124780221924,
        34.0,
        83.86894538504703
      ],
      [
        54.3415126767741,
        23.769728648009426,
        27.730849247724095,
        30.675723300355934,
        34.17601498127012,
        24.041630560342615,
        29.120439557122072,
        77.23341245859851,
        64.19501538281614,
        0.0,
        59.53990258641679,
        38.27531841800928,
        39.6232255123179,
        31.25699921617557,
        33.24154027718932
      ],
      [
        77.00649323271382,
        37.013511046643494,
        34.23448553724738,
        61.40032573203501,
        33.60059523282288,
        42.95346318982906,
        88.45903006477066,
        66.48308055437865,
        104.89041900955492,
        59.53990258641679,
        0.0,
        95.50916186418976,
        25.0,
        74.09453421137081,
        26.30589287593181
      ],
      [
        54.405882034941776,
        61.773780845922005,
        65.86349520030045,
        42.7551166528639,
        64.6297145282261,
        62.00806399170998,
        13.601470508735444,
        90.87353850269065,
        41.7612260356422,
        38.27531841800928,
        95.50916186418976,
