[
  {
    "n_nodes": 20,
    "coords": [
      [
        81,
        14
      ],
      [
        3,
        94
      ],
      [
        35,
        31
      ],
      [
        28,
        17
      ],
      [
        94,
        13
      ],
      [
        86,
        94
      ],
      [
        69,
        11
      ],
      [
        75,
        54
      ],
      [
        4,
        3
      ],
      [
        11,
        27
      ],
      [
        29,
        64
      ],
      [
        77,
        3
      ],
      [
        71,
        25
      ],
      [
        91,
        83
      ],
      [
        89,
        69
      ],
      [
        53,
        28
      ],
      [
        57,
        75
      ],
      [
        35,
        0
      ],
      [
        97,
        20
      ],
      [
        89,
        54
      ]
    ],
    "distance_matrix": [
      [
        0.0,
        111.73182178770737,
        49.040799340956916,
        53.08483775994799,
        13.038404810405298,
        80.15609770940699,
        12.36931687685298,
        40.44749683231337,
        77.78174593052023,
        71.19691004531025,
        72.13875518748573,
        11.704699910719626,
        14.866068747318506,
        69.72087205421343,
        55.57877292636101,
        31.304951684997057,
        65.55150646628954,
        48.08326112068523,
        17.08800749063506,
        40.792156108742276
      ],
      [
        111.73182178770737,
        0.0,
        70.66116330771806,
        80.95677859203639,
        121.82774724995944,
        83.0,
        106.04244433244644,
        82.365041127896,
        91.00549433962765,
        67.47592163134935,
        39.698866482558415,
        117.29023829799307,
        96.87620966986684,
        88.68483523128404,
        89.56003573022959,
        82.80096617793781,
        57.245087125446844,
        99.29753269845128,
        119.63277142990545,
        94.847245611035
      ],
      [
        49.040799340956916,
        70.66116330771806,
        0.0,
        15.652475842498529,
        61.68468205316454,
        81.05553651663777,
        39.44616584663204,
        46.14108798023731,
        41.773197148410844,
        24.331050121192877,
        33.54101966249684,
        50.47771785649585,
        36.49657518178932,
        76.4198926981712,
        66.03029607687671,
        18.24828759089466,
        49.193495504995376,
        31.0,
        62.96824596572466,
        58.69412236331676
      ],
      [
        53.08483775994799,
        80.95677859203639,
        15.652475842498529,
        0.0,
        66.12110101926616,
        96.40020746865642,
        41.43669871020132,
        59.81638571495272,
        27.784887978899608,
        19.72308292331602,
        47.01063709417264,
        50.96076922496363,
        43.73785545725808,
        91.2414379544733,
        80.15609770940699,
        27.313000567495326,
        64.8459713474939,
        18.384776310850235,
        69.06518659932803,
        71.34423592694787
      ],
      [
        13.038404810405298,
        121.82774724995944,
        61.68468205316454,
        66.12110101926616,
        0.0,
        81.39410298049853,
        25.079872407968907,
        45.18849411078001,
        90.55385138137417,
        84.17244204607586,
        82.61961026293939,
        19.72308292331602,
        25.942243542145693,
        70.06425622241343,
        56.22277118748239,
        43.657759905886145,
        72.20110802473879,
        60.41522986797286,
        7.615773105863909,
        41.30375285612676
      ],
      [
        80.15609770940699,
        83.0,
        81.05553651663777,
        96.40020746865642,
        81.39410298049853,
        0.0,
        84.72307831990054,
        41.48493702538308,
        122.494897852931,
        100.56838469419701,
        64.41273166075166,
        91.44397191723465,
        70.61161377563892,
        12.083045973594572,
        25.179356624028344,
        73.79024325749306,
        34.66987164671943,
        106.94391053257777,
        74.81310045707235,
        40.11234224026316
      ],
      [
        12.36931687685298,
        106.04244433244644,
        39.44616584663204,
        41.43669871020132,
        25.079872407968907,
        84.72307831990054,
        0.0,
        43.41658669218482,
        65.49045732013177,
        60.166435825965294,
        66.40030120413611,
        11.313708498984761,
        14.142135623730951,
        75.28612089887484,
        61.35144660071187,
        23.345235059857504,
        65.11528238439882,
        35.73513677041127,
        29.410882339705484,
        47.4236228055175
      ],
      [
        40.44749683231337,
        82.365041127896,
        46.14108798023731,
        59.81638571495272,
        45.18849411078001,
        41.48493702538308,
        43.41658669218482,
        0.0,
        87.41853350405736,
        69.46221994724903,
        47.07440918375928,
        51.03920062069938,
        29.274562336608895,
        33.12099032335839,
        20.518284528683193,
        34.058772731852805,
        27.65863337187866,
        67.20119046564577,
        40.496913462633174,
        14.0
      ],
      [
        77.78174593052023,
        91.00549433962765,
        41.773197148410844,
        27.784887978899608,
        90.55385138137417,
        122.494897852931,
        65.49045732013177,
        87.41853350405736,
        0.0,
        25.0,
        65.92419889539804,
        73.0,
        70.51950084905593,
        118.1905241548577,
        107.61505470890214,
        55.00909015790027,
        89.40357934669059,
        31.144823004794873,
        94.54099639838793,
        99.12618221237011
      ],
      [
        71.19691004531025,
        67.47592163134935,
        24.331050121192877,
        19.72308292331602,
        84.17244204607586,
        100.56838469419701,
        60.166435825965294,
        69.46221994724903,
        25.0,
        0.0,
        41.14608122288197,
        70.22819946431775,
        60.03332407921454,
        97.65244492586962,
        88.58893836140041,
        42.01190307520001,
        66.48308055437865,
        36.124783736376884,
        86.28441342444185,
        82.54089895318563
      ],
      [
        72.13875518748573,
        39.698866482558415,
        33.54101966249684,
        47.01063709417264,
        82.61961026293939,
        64.41273166075166,
        66.40030120413611,
        47.07440918375928,
        65.92419889539804,
        41.14608122288197,
        0.0,
        77.62087348130012,
        57.3149195236284,
        64.8459713474939,
        60.207972893961475,
        43.266615305567875,
        30.083217912982647,
        64.28063471995279,
        80.99382692526635,
        60.8276253029822
      ],
      [
        11.704699910719626,
        117.29023829799307,
        50.47771785649585,
        50.96076922496363,
        19.72308292331602,
        91.44397191723465,
        11.313708498984761,
        51.03920062069938,
        73.0,
        70.22819946431775,
        77.62087348130012,
        0.0,
        22.80350850198276,
        81.21576201698781,
        67.08203932499369,
        34.655446902326915,
        74.72616676907762,
        42.1070065428546,
        26.248809496813376,
        52.392747589718944
      ],
      [
        14.866068747318506,
        96.87620966986684,
        36.49657518178932,
        43.73785545725808,
        25.942243542145693,
        70.61161377563892,
        14.142135623730951,
        29.274562336608895,
        70.51950084905593,
        60.03332407921454,
        57.3149195236284,
        22.80350850198276,
        0.0,
        61.35144660071187,
        47.53945729601885,
        18.24828759089466,
        51.92301994298868,
        43.829214001622255,
        26.476404589747453,
        34.132096331752024
      ],
      [
        69.72087205421343,
        88.68483523128404,
        76.4198926981712,
        91.2414379544733,
        70.06425622241343,
        12.083045973594572,
        75.28612089887484,
        33.12099032335839,
        118.1905241548577,
        97.65244492586962,
        64.8459713474939,
        81.21576201698781,
        61.35144660071187,
        0.0,
        14.142135623730951,
        66.85057965343307,
        34.92849839314596,
        100.12492197250393,
        63.28506932918696,
        29.068883707497267
      ],
      [
        55.57877292636101,
        89.56003573022959,
        66.03029607687671,
        80.15609770940699,
        56.22277118748239,
        25.179356624028344,
        61.35144660071187,
        20.518284528683193,
        107.61505470890214,
        88.58893836140041,
        60.207972893961475,
        67.08203932499369,
        47.53945729601885,
        14.142135623730951,
        0.0,
        54.56189146281496,
        32.55764119219941,
        87.6184911990614,
        49.64876634922564,
        15.0
      ],
      [
        31.304951684997057,
        82.80096617793781,
        18.24828759089466,
        27.313000567495326,
        43.657759905886145,
        73.79024325749306,
        23.345235059857504,
        34.058772731852805,
        55.00909015790027,
        42.01190307520001,
        43.266615305567875,
        34.655446902326915,
        18.24828759089466,
        66.85057965343307,
        54.56189146281496,
        0.0,
        47.16990566028302,
        33.28663395418648,
        44.721359549995796,
        44.40720662234904
      ],
      [
        65.55150646628954,
        57.245087125446844,
        49.193495504995376,
        64.8459713474939,
        72.20110802473879,
        34.66987164671943,
        65.11528238439882,
        27.65863337187866,
        89.40357934669059,
        66.48308055437865,
        30.083217912982647,
        74.72616676907762,
        51.92301994298868,
        34.92849839314596,
        32.55764119219941,
        47.16990566028302,
        0.0,
        78.16009211867653,
        68.00735254367721,
        38.27531841800928
      ],
      [
        48.08326112068523,
        99.29753269845128,
        31.0,
        18.384776310850235,
        60.41522986797286,
        106.94391053257777,
        35.73513677041127,
        67.20119046564577,
        31.144823004794873,
        36.124783736376884,
        64.28063471995279,
        42.1070065428546,
        43.829214001622255,
        100.12492197250393,
        87.6184911990614,
        33.28663395418648,
        78.16009211867653,
        0.0,
        65.14598989960932,
        76.36753236814714
      ],
      [
        17.08800749063506,
        119.63277142990545,
        62.96824596572466,
        69.06518659932803,
        7.615773105863909,
        74.81310045707235,
        29.410882339705484,
        40.496913462633174,
        94.54099639838793,
        86.28441342444185,
        80.99382692526635,
        26.248809496813376,
        26.476404589747453,
        63.28506932918696,
        49.64876634922564,
        44.721359549995796,
        68.00735254367721,
        65.14598989960932,
        0.0,
        34.92849839314596
      ],
      [
        40.792156108742276,
        94.847245611035,
        58.69412236331676,
        71.34423592694787,
        41.30375285612676,
        40.11234224026316,
        47.4236228055175,
        14.0,
        99.12618221237011,
        82.54089895318563,
        60.8276253029822,
        52.392747589718944,
        34.132096331752024,
        29.068883707497267,
        15.0,
        44.40720662234904,
        38.27531841800928,
        76.36753236814714,
        34.92849839314596,
        0.0
      ]
    ],
    "optimal_route": [
      0,
      11,
      6,
      12,
      15,
      2,
      3,
      17,
      8,
      9,
      1,
      10,
      16,
      5,
      13,
      14,
      7,
      19,
      18,
      4
    ],
    "optimal_cost": 439.0548
  },
  {
    "n_nodes": 20,
    "coords": [
      [
        4,
        36
      ],
      [
        89,
        97
      ],
      [
        18,
        59
      ],
      [
        47,
        85
      ],
      [
        89,
        12
      ],
      [
        58,
        76
      ],
      [
        63,
        77
      ],
      [
        2,
        65
      ],
      [
        55,
        73
      ],
      [
        47,
        79
      ],
      [
        70,
        96
      ],
      [
        55,
        50
      ],
      [
        22,
        7
      ],
      [
        13,
        15
      ],
      [
        48,
        19
      ],
      [
        12,
        20
      ],
      [
        65,
        63
      ],
      [
        16,
        98
      ],
      [
        49,
        76
      ],
      [
        64,
        34
      ]
    ],
    "distance_matrix": [
      [
        0.0,
        104.62313319720452,
        26.92582403567252,
        65.19202405202648,
        88.32326986700618,
        67.20119046564577,
        71.84705978674423,
        29.068883707497267,
        63.00793600809346,
        60.81118318204309,
        89.19641248391103,
        52.88667128870941,
        34.132096331752024,
        22.847319317591726,
        47.16990566028302,
        17.88854381999832,
        66.70832032063167,
        63.150613615387776,
        60.207972893961475,
        60.03332407921454
      ],
      [
        104.62313319720452,
        0.0,
        80.52949770115296,
        43.68065933568311,
        85.0,
        37.44329045369811,
        32.802438933713454,
        92.69843580125827,
        41.617304093369626,
        45.69463863518345,
        19.026297590440446,
        58.008620049092706,
        112.2007130102122,
        111.80339887498948,
        88.11923740024082,
        108.89444430272832,
        41.617304093369626,
        73.00684899377592,
        45.17742799230607,
        67.77905281132217
      ],
      [
        26.92582403567252,
        80.52949770115296,
        0.0,
        38.948684188300895,
        85.14693182963201,
        43.46262762420146,
        48.46648326421054,
        17.08800749063506,
        39.56008088970496,
        35.22782990761707,
        63.8200595424354,
        38.07886552931954,
        52.15361924162119,
        44.28317965096906,
        50.0,
        39.45883931389772,
        47.16990566028302,
        39.05124837953327,
        35.35533905932738,
        52.354560450833695
      ],
      [
        65.19202405202648,
        43.68065933568311,
        38.948684188300895,
        0.0,
        84.21995013059554,
        14.212670403551895,
        17.88854381999832,
        49.24428900898052,
        14.422205101855956,
        6.0,
        25.495097567963924,
        35.90264614203248,
        81.9084855189009,
        77.82030583337487,
        66.007575322837,
        73.824115301167,
        28.42534080710379,
        33.61547262794322,
        9.219544457292887,
        53.75872022286245
      ],
      [
        88.32326986700618,
        85.0,
        85.14693182963201,
        84.21995013059554,
        0.0,
        71.11258679024411,
        70.00714249274856,
        101.87246929372037,
        69.83552104767315,
        79.07591289387686,
        86.12200647918046,
        50.99019513592785,
        67.1863081289633,
        76.05918747922567,
        41.593268686170845,
        77.41446893184762,
        56.36488268416781,
        112.80514172678478,
        75.47184905645283,
        33.301651610693426
      ],
      [
        67.20119046564577,
        37.44329045369811,
        43.46262762420146,
        14.212670403551895,
        71.11258679024411,
        0.0,
        5.0990195135927845,
        57.0701322935211,
        4.242640687119285,
        11.40175425099138,
        23.323807579381203,
        26.1725046566048,
        77.82673062643708,
        75.8023746329889,
        57.87054518492115,
        72.47068372797375,
        14.7648230602334,
        47.41307836451879,
        9.0,
        42.42640687119285
      ],
      [
        71.84705978674423,
        32.802438933713454,
        48.46648326421054,
        17.88854381999832,
        70.00714249274856,
        5.0990195135927845,
        0.0,
        62.16912416947821,
        8.94427190999916,
        16.1245154965971,
        20.248456731316587,
        28.160255680657446,
        81.12336284942828,
        79.64923100695951,
        59.90826320300064,
        76.48529270389177,
        14.142135623730951,
        51.478150704935004,
        14.035668847618199,
        43.01162633521314
      ],
      [
        29.068883707497267,
        92.69843580125827,
        17.08800749063506,
        49.24428900898052,
        101.87246929372037,
        57.0701322935211,
        62.16912416947821,
        0.0,
        53.600373133029585,
        47.12748667179272,
        74.73285756613352,
        55.08175741568164,
        61.35144660071187,
        51.19570294468082,
        65.05382386916237,
        46.09772228646444,
        63.0317380372777,
        35.84689665786984,
        48.27007354458868,
        69.31810730249349
      ],
      [
        63.00793600809346,
        41.617304093369626,
        39.56008088970496,
        14.422205101855956,
        69.83552104767315,
        4.242640687119285,
        8.94427190999916,
        53.600373133029585,
        0.0,
        10.0,
        27.459060435491963,
        23.0,
        73.79024325749306,
        71.61005515987263,
        54.45181356024793,
        68.24954212300622,
        14.142135623730951,
        46.32493928760188,
        6.708203932499369,
        40.024992192379
      ],
      [
        60.81118318204309,
        45.69463863518345,
        35.22782990761707,
        6.0,
        79.07591289387686,
        11.40175425099138,
        16.1245154965971,
        47.12748667179272,
        10.0,
        0.0,
        28.600699292150182,
        30.083217912982647,
        76.21679604916491,
        72.47068372797375,
        60.00833275470999,
        68.60029154456998,
        24.08318915758459,
        36.359317925395686,
        3.605551275463989,
        48.104053883222775
      ],
      [
        89.19641248391103,
        19.026297590440446,
        63.8200595424354,
        25.495097567963924,
        86.12200647918046,
        23.323807579381203,
        20.248456731316587,
        74.73285756613352,
        27.459060435491963,
        28.600699292150182,
        0.0,
        48.38388161361178,
        101.11874208078342,
        99.04544411531506,
        80.0812087820857,
        95.60334722173695,
        33.37663853655727,
        54.037024344425184,
        29.0,
        62.289646009589745
      ],
      [
        52.88667128870941,
        58.008620049092706,
        38.07886552931954,
        35.90264614203248,
        50.99019513592785,
        26.1725046566048,
        28.160255680657446,
        55.08175741568164,
        23.0,
        30.083217912982647,
        48.38388161361178,
        0.0,
        54.20332093147061,
        54.67174773134658,
        31.78049716414141,
        52.43090691567332,
        16.401219466856727,
        61.84658438426491,
        26.68332812825267,
        18.35755975068582
      ],
      [
        34.132096331752024,
        112.2007130102122,
        52.15361924162119,
        81.9084855189009,
        67.1863081289633,
        77.82673062643708,
        81.12336284942828,
        61.35144660071187,
        73.79024325749306,
        76.21679604916491,
        101.11874208078342,
        54.20332093147061,
        0.0,
        12.041594578792296,
        28.635642126552707,
        16.401219466856727,
        70.60453243241541,
        91.19758768739445,
        74.09453421137081,
        49.92995093127971
      ],
      [
        22.847319317591726,
        111.80339887498948,
        44.28317965096906,
        77.82030583337487,
        76.05918747922567,
        75.8023746329889,
        79.64923100695951,
        51.19570294468082,
        71.61005515987263,
        72.47068372797375,
        99.04544411531506,
        54.67174773134658,
        12.041594578792296,
        0.0,
        35.22782990761707,
        5.0990195135927845,
        70.76722405181653,
        83.05419917138447,
        70.83078426785913,
        54.42425929675111
      ],
      [
        47.16990566028302,
        88.11923740024082,
        50.0,
        66.007575322837,
        41.593268686170845,
        57.87054518492115,
        59.90826320300064,
        65.05382386916237,
        54.45181356024793,
        60.00833275470999,
        80.0812087820857,
        31.78049716414141,
        28.635642126552707,
        35.22782990761707,
        0.0,
        36.013886210738214,
        47.16990566028302,
        85.23496934944014,
        57.0087712549569,
        21.93171219946131
      ],
      [
        17.88854381999832,
        108.89444430272832,
        39.45883931389772,
        73.824115301167,
        77.41446893184762,
        72.47068372797375,
        76.48529270389177,
        46.09772228646444,
        68.24954212300622,
        68.60029154456998,
        95.60334722173695,
        52.43090691567332,
        16.401219466856727,
        5.0990195135927845,
        36.013886210738214,
        0.0,
        68.24954212300622,
        78.10249675906654,
        67.11929677819934,
        53.85164807134504
      ],
      [
        66.70832032063167,
        41.617304093369626,
        47.16990566028302,
        28.42534080710379,
        56.36488268416781,
        14.7648230602334,
        14.142135623730951,
        63.0317380372777,
        14.142135623730951,
        24.08318915758459,
        33.37663853655727,
        16.401219466856727,
        70.60453243241541,
        70.76722405181653,
        47.16990566028302,
        68.24954212300622,
        0.0,
        60.21627686929839,
        20.615528128088304,
        29.017236257093817
      ],
      [
        63.150613615387776,
        73.00684899377592,
        39.05124837953327,
        33.61547262794322,
        112.80514172678478,
        47.41307836451879,
        51.478150704935004,
        35.84689665786984,
        46.32493928760188,
        36.359317925395686,
        54.037024344425184,
        61.84658438426491,
        91.19758768739445,
        83.05419917138447,
        85.23496934944014,
        78.10249675906654,
        60.21627686929839,
        0.0,
        39.66106403010388,
        80.0
      ],
      [
        60.207972893961475,
        45.17742799230607,
        35.35533905932738,
        9.219544457292887,
        75.47184905645283,
        9.0,
        14.035668847618199,
        48.27007354458868,
        6.708203932499369,
        3.605551275463989,
        29.0,
        26.68332812825267,
        74.09453421137081,
        70.83078426785913,
        57.0087712549569,
        67.11929677819934,
        20.615528128088304,
        39.66106403010388,
        0.0,
        44.598206241955516
      ],
      [
        60.03332407921454,
        67.77905281132217,
        52.354560450833695,
        53.75872022286245,
        33.301651610693426,
        42.42640687119285,
        43.01162633521314,
        69.31810730249349,
        40.024992192379,
        48.104053883222775,
        62.289646009589745,
        18.35755975068582,
        49.92995093127971,
        54.42425929675111,
        21.93171219946131,
        53.85164807134504,
        29.017236257093817,
        80.0,
        44.598206241955516,
        0.0
      ]
    ],
    "optimal_route": [
      0,
      15,
      13,
      12,
      14,
      4,
      19,
      11,
      16,
      1,
      10,
      6,
      5,
      8,
      18,
      9,
      3,
      17,
      7,
      2
    ],
    "optimal_cost": 366.4164
  },
  {
    "n_nodes": 20,
    "coords": [
      [
        52,
        66
      ],
      [
        69,
        89
      ],
      [
        14,
        22
      ],
      [
        48,
        28
      ],
      [
        37,
        3
      ],
      [
        28,
        14
      ],
      [
        72,
        1
      ],
      [
        12,
        20
      ],
      [
        99,
        65
      ],
      [
        88,
        38
      ],
      [
        88,
        81
      ],
      [
        48,
        75
      ],
      [
        51,
        98
      ],
      [
        88,
        85
      ],
      [
        41,
        45
      ],
      [
        9,
        43
      ],
      [
        36,
        79
      ],
      [
        20,
        14
      ],
      [
        65,
        8
      ],
      [
        75,
        12
      ]
    ],
    "distance_matrix": [
      [
        0.0,
        28.600699292150182,
        58.137767414994535,
        38.2099463490856,
        64.76109943476871,
        57.271284253105414,
        68.00735254367721,
        60.959002616512684,
        47.01063709417264,
        45.60701700396552,
        39.0,
        9.848857801796104,
        32.01562118716424,
        40.70626487409524,
        23.706539182259394,
        48.76474136094644,
        20.615528128088304,
        61.05735008989499,
        59.43904440685432,
        58.69412236331676
      ],
      [
        28.600699292150182,
        0.0,
        86.68333173107735,
        64.51356446515724,
        91.76055797563569,
        85.47514258543241,
        88.05112151472007,
        89.49860334105779,
        38.41874542459709,
        54.42425929675111,
        20.615528128088304,
        25.238858928247925,
        20.12461179749811,
        19.4164878389476,
        52.15361924162119,
        75.6042326857432,
        34.48187929913333,
        89.58794561770016,
        81.09870529176159,
        77.23341245859851
      ],
      [
        58.137767414994535,
        86.68333173107735,
        0.0,
        34.52535300326414,
        29.832867780352597,
        16.1245154965971,
        61.68468205316454,
        2.8284271247461903,
        95.25754563287887,
        75.7099729229908,
        94.64142856064674,
        62.96824596572466,
        84.52810183601665,
        97.18538984847466,
        35.4682957019364,
        21.587033144922902,
        61.09828148156051,
        10.0,
        52.88667128870941,
        61.814237842102365
      ],
      [
        38.2099463490856,
        64.51356446515724,
        34.52535300326414,
        0.0,
        27.313000567495326,
        24.413111231467404,
        36.124783736376884,
        36.87817782917155,
        63.00793600809346,
        41.23105625617661,
        66.40030120413611,
        47.0,
        70.06425622241343,
        69.63476143421474,
        18.384776310850235,
        41.78516483155236,
        52.392747589718944,
        31.304951684997057,
        26.248809496813376,
        31.38470965295043
      ],
      [
        64.76109943476871,
        91.76055797563569,
        29.832867780352597,
        27.313000567495326,
        0.0,
        14.212670403551895,
        35.05709628591621,
        30.23243291566195,
        87.68124086713189,
        61.85466837676846,
        93.1933474020544,
        72.83543093852057,
        96.0260381354974,
        96.56603957913983,
        42.190046219457976,
        48.82622246293481,
        76.00657866263946,
        20.248456731316587,
        28.442925306655784,
        39.05124837953327
      ],
      [
        57.271284253105414,
        85.47514258543241,
        16.1245154965971,
        24.413111231467404,
        14.212670403551895,
        0.0,
        45.880278987817846,
        17.08800749063506,
        87.41853350405736,
        64.62197768561404,
        89.9388681271896,
        64.19501538281614,
        87.09190547921202,
        92.9569792968769,
        33.61547262794322,
        34.66987164671943,
        65.49045732013177,
        8.0,
        37.48332962798263,
        47.042533945356304
      ],
      [
        68.00735254367721,
        88.05112151472007,
        61.68468205316454,
        36.124783736376884,
        35.05709628591621,
        45.880278987817846,
        0.0,
        62.93647591023825,
        69.46221994724903,
        40.311288741492746,
        81.58431221748455,
        77.79460135510689,
        99.24716620639605,
        85.5102333057278,
        53.823786563191554,
        75.71657678474378,
        85.90692637965812,
        53.600373133029585,
        9.899494936611665,
        11.40175425099138
      ],
      [
        60.959002616512684,
        89.49860334105779,
        2.8284271247461903,
        36.87817782917155,
        30.23243291566195,
        17.08800749063506,
        62.93647591023825,
        0.0,
        97.94896630388705,
        78.10249675906654,
        97.45255255764212,
        65.73431371817918,
        87.20665112249179,
        100.00499987500625,
        38.28837943815329,
        23.194827009486403,
        63.694583757176716,
        10.0,
        54.3415126767741,
        63.50590523722971
      ],
      [
        47.01063709417264,
        38.41874542459709,
        95.25754563287887,
        63.00793600809346,
        87.68124086713189,
        87.41853350405736,
        69.46221994724903,
        97.94896630388705,
        0.0,
        29.154759474226502,
        19.4164878389476,
        51.97114584074513,
        58.249463516842795,
        22.825424421026653,
        61.35144660071187,
        92.64987857520376,
        64.53681120105021,
        94.03190947758107,
        66.37017402418047,
        58.180752831155424
      ],
      [
        45.60701700396552,
        54.42425929675111,
        75.7099729229908,
        41.23105625617661,
        61.85466837676846,
        64.62197768561404,
        40.311288741492746,
        78.10249675906654,
        29.154759474226502,
        0.0,
        43.0,
        54.48853090330111,
        70.49113419430843,
        47.0,
        47.51841748206689,
        79.1580697086532,
        66.21933252457322,
        72.11102550927978,
        37.8021163428716,
        29.068883707497267
      ],
      [
        39.0,
        20.615528128088304,
        94.64142856064674,
        66.40030120413611,
        93.1933474020544,
        89.9388681271896,
        81.58431221748455,
        97.45255255764212,
        19.4164878389476,
        43.0,
        0.0,
        40.44749683231337,
        40.718546143004666,
        4.0,
        59.20304046246274,
        87.66413177577246,
        52.03844732503075,
        95.46203433826454,
        76.53757247260981,
        70.21395872616783
      ],
      [
        9.848857801796104,
        25.238858928247925,
        62.96824596572466,
        47.0,
        72.83543093852057,
        64.19501538281614,
        77.79460135510689,
        65.73431371817918,
        51.97114584074513,
        54.48853090330111,
        40.44749683231337,
        0.0,
        23.194827009486403,
        41.23105625617661,
        30.805843601498726,
        50.44799302251776,
        12.649110640673518,
        67.11929677819934,
        69.12307863514182,
        68.54195795277518
      ],
      [
        32.01562118716424,
        20.12461179749811,
        84.52810183601665,
        70.06425622241343,
        96.0260381354974,
        87.09190547921202,
        99.24716620639605,
        87.20665112249179,
        58.249463516842795,
        70.49113419430843,
        40.718546143004666,
        23.194827009486403,
        0.0,
        39.21734310225516,
        53.9351462406472,
        69.20260110718382,
        24.20743687382041,
        89.5377015563835,
        91.0823802938856,
        89.28605714219886
      ],
      [
        40.70626487409524,
        19.4164878389476,
        97.18538984847466,
        69.63476143421474,
        96.56603957913983,
        92.9569792968769,
        85.5102333057278,
        100.00499987500625,
        22.825424421026653,
        47.0,
        4.0,
        41.23105625617661,
        39.21734310225516,
        0.0,
        61.71709649683789,
        89.47066558375433,
        52.3450093132096,
        98.3107318658548,
        80.36168241145776,
        74.14849964766651
      ],
      [
        23.706539182259394,
        52.15361924162119,
        35.4682957019364,
        18.384776310850235,
        42.190046219457976,
        33.61547262794322,
        53.823786563191554,
        38.28837943815329,
        61.35144660071187,
        47.51841748206689,
        59.20304046246274,
        30.805843601498726,
        53.9351462406472,
        61.71709649683789,
        0.0,
        32.0624390837628,
        34.36568055487916,
        37.44329045369811,
        44.10215414239989,
        47.38143096192854
      ],
      [
        48.76474136094644,
        75.6042326857432,
        21.587033144922902,
        41.78516483155236,
        48.82622246293481,
        34.66987164671943,
        75.71657678474378,
        23.194827009486403,
        92.64987857520376,
        79.1580697086532,
        87.66413177577246,
        50.44799302251776,
        69.20260110718382,
        89.47066558375433,
        32.0624390837628,
        0.0,
        45.0,
        31.016124838541646,
        66.03786792439622,
        72.91776189653656
      ],
      [
        20.615528128088304,
        34.48187929913333,
        61.09828148156051,
        52.392747589718944,
        76.00657866263946,
        65.49045732013177,
        85.90692637965812,
        63.694583757176716,
        64.53681120105021,
        66.21933252457322,
        52.03844732503075,
        12.649110640673518,
        24.20743687382041,
        52.3450093132096,
        34.36568055487916,
        45.0,
        0.0,
        66.94027188471824,
        76.69419795525604,
        77.52418977325722
      ],
      [
        61.05735008989499,
        89.58794561770016,
        10.0,
        31.304951684997057,
        20.248456731316587,
        8.0,
        53.600373133029585,
        10.0,
        94.03190947758107,
        72.11102550927978,
        95.46203433826454,
        67.11929677819934,
        89.5377015563835,
        98.3107318658548,
        37.44329045369811,
        31.016124838541646,
        66.94027188471824,
        0.0,
        45.39823785126467,
        55.036351623268054
      ],
      [
        59.43904440685432,
        81.09870529176159,
        52.88667128870941,
        26.248809496813376,
        28.442925306655784,
        37.48332962798263,
        9.899494936611665,
        54.3415126767741,
        66.37017402418047,
        37.8021163428716,
        76.53757247260981,
        69.12307863514182,
        91.0823802938856,
        80.36168241145776,
        44.10215414239989,
        66.03786792439622,
        76.69419795525604,
        45.39823785126467,
        0.0,
        10.770329614269007
      ],
      [
        58.69412236331676,
        77.23341245859851,
        61.814237842102365,
        31.38470965295043,
        39.05124837953327,
        47.042533945356304,
        11.40175425099138,
        63.50590523722971,
        58.180752831155424,
        29.068883707497267,
        70.21395872616783,
        68.54195795277518,
        89.28605714219886,
        74.14849964766651,
        47.38143096192854,
        72.91776189653656,
        77.52418977325722,
        55.036351623268054,
        10.770329614269007,
        0.0
      ]
    ],
    "optimal_route": [
      0,
      11,
      16,
      12,
      1,
      13,
      10,
      8,
      9,
      19,
      6,
      18,
      3,
      4,
      5,
      17,
      7,
      2,
      15,
      14
    ],
    "optimal_cost": 331.4403
  },
  {
    "n_nodes": 20,
    "coords": [
      [
        34,
        53
      ],
      [
        62,
        32
      ],
      [
        10,
        38
      ],
      [
        43,
        2
      ],
      [
        9,
        61
      ],
      [
        1,
        14
      ],
      [
        36,
        15
      ],
      [
        39,
        95
      ],
      [
        83,
        4
      ],
      [
        79,
        8
      ],
      [
        17,
        34
      ],
      [
        94,
        19
      ],
      [
        27,
        97
      ],
      [
        91,
        54
      ],
      [
        9,
        78
      ],
      [
        52,
        18
      ],
      [
        89,
        7
      ],
      [
        4,
        22
      ],
      [
        41,
        32
      ],
      [
        45,
        99
      ]
    ],
    "distance_matrix": [
      [
        0.0,
        35.0,
        28.30194339616981,
        51.78802950489621,
        26.248809496813376,
        51.088159097779204,
        38.05259518088089,
        42.2965719651132,
        69.29646455628166,
        63.63961030678928,
        25.495097567963924,
        68.96375859826666,
        44.553338819890925,
        57.0087712549569,
        35.35533905932738,
        39.35733730830886,
        71.7007670809734,
        43.139309220245984,
        22.135943621178654,
        47.29693436154187
      ],
      [
        35.0,
        0.0,
        52.3450093132096,
        35.510561809129406,
        60.41522986797286,
        63.60031446463138,
        31.064449134018133,
        67.06713054842886,
        35.0,
        29.410882339705484,
        45.044422518220834,
        34.539832078341085,
        73.824115301167,
        36.40054944640259,
        70.178344238091,
        17.204650534085253,
        36.796738985948195,
        58.855755878248644,
        21.0,
        69.12307863514182
      ],
      [
        28.30194339616981,
        52.3450093132096,
        0.0,
        48.83646178829912,
        23.021728866442675,
        25.632011235952593,
        34.713109915419565,
        63.953107821277925,
        80.52949770115296,
        75.23961722390672,
        8.06225774829855,
        86.12200647918046,
        61.40032573203501,
        82.56512580987206,
        40.01249804748511,
        46.51881339845203,
        84.86459803710851,
        17.08800749063506,
        31.575306807693888,
        70.32780389006896
      ],
      [
        51.78802950489621,
        35.510561809129406,
        48.83646178829912,
        0.0,
        68.09552114493287,
        43.68065933568311,
        14.7648230602334,
        93.08598175880189,
        40.049968789001575,
        36.49657518178932,
        41.23105625617661,
        53.75872022286245,
        96.33794683301072,
        70.76722405181653,
        83.2586331859946,
        18.35755975068582,
        46.2709412050371,
        43.829214001622255,
        30.066592756745816,
        97.02061636580135
      ],
      [
        26.248809496813376,
        60.41522986797286,
        23.021728866442675,
        68.09552114493287,
        0.0,
        47.67598976424087,
        53.33854141237835,
        45.34313619501854,
        93.40770846134703,
        87.80091115700337,
        28.160255680657446,
        94.81033698917012,
        40.24922359499622,
        82.29823813423954,
        17.0,
        60.81118318204309,
        96.51942809610924,
        39.319206502675,
        43.18564576337837,
        52.3450093132096
      ],
      [
        51.088159097779204,
        63.60031446463138,
        25.632011235952593,
        43.68065933568311,
        47.67598976424087,
        0.0,
        35.014282800023196,
        89.47066558375433,
        82.60750571225353,
        78.23042886243178,
        25.612496949731394,
        93.13431161500041,
        86.97700845625813,
        98.48857801796105,
        64.4980619863884,
        51.15662224971465,
        88.2779700718135,
        8.54400374531753,
        43.86342439892262,
        95.71311299921238
      ],
      [
        38.05259518088089,
        31.064449134018133,
        34.713109915419565,
        14.7648230602334,
        53.33854141237835,
        35.014282800023196,
        0.0,
        80.05623023850174,
        48.27007354458868,
        43.56604182158393,
        26.870057685088806,
        58.137767414994535,
        82.49242389456137,
        67.42403132415029,
        68.54195795277518,
        16.278820596099706,
        53.600373133029585,
